15	148	11	-63	31	1422840794	0
15	148	11	-63	31	1422840794	1
15	148	11	-64	31	1422840794	2
15	148	11	-64	31	1422840794	3
15	148	11	-64	31	1422840794	4
11	148	11	-60	31	1422840794	0
11	148	11	-60	31	1422840794	1
11	148	11	-60	31	1422840794	2
11	148	11	-60	31	1422840794	3
11	148	11	-60	31	1422840794	4
146	148	11	-73	31	1422840794	0
146	148	11	-72	31	1422840794	1
146	148	11	-73	31	1422840794	2
146	148	11	-72	31	1422840794	3
146	148	11	-73	31	1422840794	4
154	148	11	-64	31	1422840794	0
154	148	11	-64	31	1422840794	1
154	148	11	-64	31	1422840794	2
154	148	11	-64	31	1422840794	3
154	148	11	-64	31	1422840794	4
148	15	11	-61	31	1422840794	0
148	15	11	-60	31	1422840794	1
148	15	11	-61	31	1422840794	2
148	15	11	-60	31	1422840794	3
148	15	11	-60	31	1422840794	4
11	15	11	-66	31	1422840794	0
11	15	11	-66	31	1422840794	1
11	15	11	-66	31	1422840794	2
11	15	11	-66	31	1422840794	3
11	15	11	-66	31	1422840794	4
146	15	11	-59	31	1422840794	0
146	15	11	-58	31	1422840794	1
146	15	11	-58	31	1422840794	2
146	15	11	-58	31	1422840794	3
146	15	11	-58	31	1422840794	4
154	15	11	-78	31	1422840794	0
154	15	11	-78	31	1422840794	1
154	15	11	-78	31	1422840794	2
154	15	11	-78	31	1422840794	3
154	15	11	-78	31	1422840794	4
148	11	11	-58	31	1422840794	0
148	11	11	-58	31	1422840794	1
148	11	11	-58	31	1422840794	2
148	11	11	-58	31	1422840794	3
148	11	11	-58	31	1422840794	4
15	11	11	-68	31	1422840794	0
15	11	11	-68	31	1422840794	1
15	11	11	-68	31	1422840794	2
15	11	11	-68	31	1422840794	3
15	11	11	-68	31	1422840794	4
146	11	11	-70	31	1422840794	0
146	11	11	-70	31	1422840794	1
146	11	11	-70	31	1422840794	2
146	11	11	-70	31	1422840794	3
146	11	11	-71	31	1422840794	4
154	11	11	-79	31	1422840794	0
154	11	11	-79	31	1422840794	1
154	11	11	-79	31	1422840794	2
154	11	11	-79	31	1422840794	3
154	11	11	-79	31	1422840794	4
148	146	11	-74	31	1422840795	0
148	146	11	-74	31	1422840795	1
148	146	11	-74	31	1422840795	2
148	146	11	-74	31	1422840795	3
148	146	11	-74	31	1422840795	4
15	146	11	-60	31	1422840795	0
15	146	11	-60	31	1422840795	1
15	146	11	-60	31	1422840795	2
15	146	11	-60	31	1422840795	3
15	146	11	-60	31	1422840795	4
11	146	11	-74	31	1422840795	0
11	146	11	-74	31	1422840795	1
11	146	11	-74	31	1422840795	2
11	146	11	-74	31	1422840795	3
11	146	11	-74	31	1422840795	4
154	146	11	-90	31	1422840795	0
154	146	11	-90	31	1422840795	1
154	146	11	-90	31	1422840795	2
154	146	11	-89	31	1422840795	3
154	146	11	-90	31	1422840795	4
148	154	11	-66	31	1422840795	0
148	154	11	-66	31	1422840795	1
148	154	11	-66	31	1422840795	2
148	154	11	-66	31	1422840795	3
148	154	11	-66	31	1422840795	4
15	154	11	-84	31	1422840795	0
15	154	11	-84	31	1422840795	1
15	154	11	-84	31	1422840795	2
15	154	11	-84	31	1422840795	3
15	154	11	-84	31	1422840795	4
11	154	11	-84	31	1422840795	0
11	154	11	-84	31	1422840795	1
11	154	11	-84	31	1422840795	2
11	154	11	-84	31	1422840795	3
11	154	11	-84	31	1422840795	4
146	154	11	-91	31	1422840795	0
146	154	11	-92	31	1422840795	1
146	154	11	-92	31	1422840795	2
146	154	11	-91	31	1422840795	3
146	154	11	-92	31	1422840795	4
15	148	12	-64	31	1422840796	0
15	148	12	-64	31	1422840797	1
15	148	12	-64	31	1422840797	2
15	148	12	-64	31	1422840797	3
15	148	12	-64	31	1422840797	4
11	148	12	-60	31	1422840797	0
11	148	12	-60	31	1422840797	1
11	148	12	-60	31	1422840797	2
11	148	12	-60	31	1422840797	3
11	148	12	-60	31	1422840797	4
146	148	12	-72	31	1422840797	0
146	148	12	-74	31	1422840797	1
146	148	12	-74	31	1422840797	2
146	148	12	-72	31	1422840797	3
146	148	12	-74	31	1422840797	4
154	148	12	-64	31	1422840797	0
154	148	12	-64	31	1422840797	1
154	148	12	-64	31	1422840797	2
154	148	12	-64	31	1422840797	3
154	148	12	-64	31	1422840797	4
148	15	12	-60	31	1422840797	0
148	15	12	-60	31	1422840797	1
148	15	12	-60	31	1422840797	2
148	15	12	-60	31	1422840797	3
148	15	12	-60	31	1422840797	4
11	15	12	-66	31	1422840797	0
11	15	12	-66	31	1422840797	1
11	15	12	-66	31	1422840797	2
11	15	12	-66	31	1422840797	3
11	15	12	-66	31	1422840797	4
146	15	12	-55	31	1422840797	0
146	15	12	-55	31	1422840797	1
146	15	12	-55	31	1422840797	2
146	15	12	-55	31	1422840797	3
146	15	12	-55	31	1422840797	4
154	15	12	-74	31	1422840797	0
154	15	12	-74	31	1422840797	1
154	15	12	-74	31	1422840797	2
154	15	12	-74	31	1422840797	3
154	15	12	-74	31	1422840797	4
148	11	12	-58	31	1422840797	0
148	11	12	-56	31	1422840797	1
148	11	12	-56	31	1422840797	2
148	11	12	-56	31	1422840797	3
148	11	12	-58	31	1422840797	4
15	11	12	-67	31	1422840797	0
15	11	12	-67	31	1422840797	1
15	11	12	-67	31	1422840797	2
15	11	12	-67	31	1422840797	3
15	11	12	-67	31	1422840797	4
146	11	12	-73	31	1422840797	0
146	11	12	-73	31	1422840797	1
146	11	12	-73	31	1422840797	2
146	11	12	-73	31	1422840797	3
146	11	12	-73	31	1422840797	4
154	11	12	-83	31	1422840797	0
154	11	12	-83	31	1422840797	1
154	11	12	-83	31	1422840797	2
154	11	12	-83	31	1422840797	3
154	11	12	-83	31	1422840797	4
148	146	12	-74	31	1422840798	0
148	146	12	-74	31	1422840798	1
148	146	12	-74	31	1422840798	2
148	146	12	-75	31	1422840798	3
148	146	12	-74	31	1422840798	4
15	146	12	-55	31	1422840798	0
15	146	12	-55	31	1422840798	1
15	146	12	-55	31	1422840798	2
15	146	12	-55	31	1422840798	3
15	146	12	-55	31	1422840798	4
11	146	12	-76	31	1422840798	0
11	146	12	-76	31	1422840798	1
11	146	12	-76	31	1422840798	2
11	146	12	-76	31	1422840798	3
11	146	12	-76	31	1422840798	4
154	146	12	-83	31	1422840798	0
154	146	12	-83	31	1422840798	1
154	146	12	-83	31	1422840798	2
154	146	12	-83	31	1422840798	3
154	146	12	-83	31	1422840798	4
148	154	12	-66	31	1422840798	0
148	154	12	-66	31	1422840798	1
148	154	12	-66	31	1422840798	2
148	154	12	-66	31	1422840798	3
148	154	12	-66	31	1422840798	4
15	154	12	-80	31	1422840798	0
15	154	12	-80	31	1422840798	1
15	154	12	-80	31	1422840798	2
15	154	12	-80	31	1422840798	3
15	154	12	-80	31	1422840798	4
11	154	12	-89	31	1422840798	0
11	154	12	-87	31	1422840798	1
11	154	12	-89	31	1422840798	2
11	154	12	-89	31	1422840798	3
11	154	12	-88	31	1422840798	4
146	154	12	-86	31	1422840798	0
146	154	12	-86	31	1422840798	1
146	154	12	-85	31	1422840798	2
146	154	12	-85	31	1422840798	3
146	154	12	-85	31	1422840798	4
15	148	13	-64	31	1422840799	0
15	148	13	-64	31	1422840799	1
15	148	13	-64	31	1422840799	2
15	148	13	-64	31	1422840799	3
15	148	13	-64	31	1422840799	4
11	148	13	-60	31	1422840799	0
11	148	13	-60	31	1422840799	1
11	148	13	-60	31	1422840799	2
11	148	13	-60	31	1422840799	3
11	148	13	-60	31	1422840799	4
146	148	13	-71	31	1422840799	0
146	148	13	-71	31	1422840799	1
146	148	13	-71	31	1422840799	2
146	148	13	-72	31	1422840799	3
146	148	13	-71	31	1422840799	4
154	148	13	-62	31	1422840799	0
154	148	13	-62	31	1422840799	1
154	148	13	-62	31	1422840799	2
154	148	13	-62	31	1422840799	3
154	148	13	-62	31	1422840799	4
148	15	13	-61	31	1422840800	0
148	15	13	-61	31	1422840800	1
148	15	13	-60	31	1422840800	2
148	15	13	-60	31	1422840800	3
148	15	13	-60	31	1422840800	4
11	15	13	-66	31	1422840800	0
11	15	13	-65	31	1422840800	1
11	15	13	-66	31	1422840800	2
11	15	13	-66	31	1422840800	3
11	15	13	-66	31	1422840800	4
146	15	13	-56	31	1422840800	0
146	15	13	-56	31	1422840800	1
146	15	13	-56	31	1422840800	2
146	15	13	-56	31	1422840800	3
146	15	13	-56	31	1422840800	4
154	15	13	-75	31	1422840800	0
154	15	13	-74	31	1422840800	1
154	15	13	-75	31	1422840800	2
154	15	13	-74	31	1422840800	3
154	15	13	-75	31	1422840800	4
148	11	13	-58	31	1422840800	0
148	11	13	-58	31	1422840800	1
148	11	13	-58	31	1422840800	2
148	11	13	-58	31	1422840800	3
148	11	13	-56	31	1422840800	4
15	11	13	-67	31	1422840800	0
15	11	13	-67	31	1422840800	1
15	11	13	-67	31	1422840800	2
15	11	13	-67	31	1422840800	3
15	11	13	-67	31	1422840800	4
146	11	13	-80	31	1422840800	0
146	11	13	-80	31	1422840800	1
146	11	13	-80	31	1422840800	2
146	11	13	-80	31	1422840800	3
146	11	13	-80	31	1422840800	4
154	11	13	-72	31	1422840800	0
154	11	13	-72	31	1422840800	1
154	11	13	-72	31	1422840800	2
154	11	13	-72	31	1422840800	3
154	11	13	-72	31	1422840800	4
148	146	13	-72	31	1422840800	0
148	146	13	-72	31	1422840800	1
148	146	13	-72	31	1422840800	2
148	146	13	-72	31	1422840800	3
148	146	13	-72	31	1422840800	4
15	146	13	-55	31	1422840800	0
15	146	13	-58	31	1422840800	1
15	146	13	-58	31	1422840800	2
15	146	13	-58	31	1422840800	3
15	146	13	-55	31	1422840800	4
11	146	13	-83	31	1422840800	0
11	146	13	-83	31	1422840800	1
11	146	13	-83	31	1422840800	2
11	146	13	-83	31	1422840800	3
11	146	13	-83	31	1422840800	4
154	146	13	-77	31	1422840800	0
154	146	13	-76	31	1422840800	1
154	146	13	-76	31	1422840800	2
154	146	13	-77	31	1422840800	3
154	146	13	-77	31	1422840800	4
148	154	13	-64	31	1422840801	0
148	154	13	-64	31	1422840801	1
148	154	13	-64	31	1422840801	2
148	154	13	-64	31	1422840801	3
148	154	13	-65	31	1422840801	4
15	154	13	-81	31	1422840801	0
15	154	13	-80	31	1422840801	1
15	154	13	-80	31	1422840801	2
15	154	13	-80	31	1422840801	3
15	154	13	-81	31	1422840801	4
11	154	13	-76	31	1422840801	0
11	154	13	-76	31	1422840801	1
11	154	13	-76	31	1422840801	2
11	154	13	-77	31	1422840801	3
11	154	13	-77	31	1422840801	4
146	154	13	-78	31	1422840801	0
146	154	13	-78	31	1422840801	1
146	154	13	-78	31	1422840801	2
146	154	13	-78	31	1422840801	3
146	154	13	-78	31	1422840801	4
15	148	14	-66	31	1422840802	0
15	148	14	-66	31	1422840802	1
15	148	14	-66	31	1422840802	2
15	148	14	-66	31	1422840802	3
15	148	14	-66	31	1422840802	4
11	148	14	-64	31	1422840802	0
11	148	14	-64	31	1422840802	1
11	148	14	-64	31	1422840802	2
11	148	14	-64	31	1422840802	3
11	148	14	-64	31	1422840802	4
146	148	14	-75	31	1422840802	0
146	148	14	-75	31	1422840802	1
146	148	14	-75	31	1422840802	2
146	148	14	-75	31	1422840802	3
146	148	14	-75	31	1422840802	4
154	148	14	-62	31	1422840802	0
154	148	14	-62	31	1422840802	1
154	148	14	-62	31	1422840802	2
154	148	14	-62	31	1422840802	3
154	148	14	-62	31	1422840802	4
148	15	14	-62	31	1422840802	0
148	15	14	-62	31	1422840802	1
148	15	14	-62	31	1422840802	2
148	15	14	-62	31	1422840802	3
148	15	14	-62	31	1422840802	4
11	15	14	-69	31	1422840802	0
11	15	14	-69	31	1422840802	1
11	15	14	-69	31	1422840802	2
11	15	14	-70	31	1422840802	3
11	15	14	-70	31	1422840802	4
146	15	14	-55	31	1422840802	0
146	15	14	-55	31	1422840802	1
146	15	14	-56	31	1422840802	2
146	15	14	-55	31	1422840802	3
146	15	14	-55	31	1422840802	4
154	15	14	-74	31	1422840802	0
154	15	14	-74	31	1422840802	1
154	15	14	-73	31	1422840802	2
154	15	14	-73	31	1422840802	3
154	15	14	-73	31	1422840802	4
148	11	14	-62	31	1422840803	0
148	11	14	-62	31	1422840803	1
148	11	14	-62	31	1422840803	2
148	11	14	-62	31	1422840803	3
148	11	14	-62	31	1422840803	4
15	11	14	-71	31	1422840803	0
15	11	14	-72	31	1422840803	1
15	11	14	-71	31	1422840803	2
15	11	14	-71	31	1422840803	3
15	11	14	-72	31	1422840803	4
146	11	14	-70	31	1422840803	0
146	11	14	-70	31	1422840803	1
146	11	14	-71	31	1422840803	2
146	11	14	-70	31	1422840803	3
146	11	14	-70	31	1422840803	4
154	11	14	-70	31	1422840803	0
154	11	14	-70	31	1422840803	1
154	11	14	-70	31	1422840803	2
154	11	14	-70	31	1422840803	3
154	11	14	-70	31	1422840803	4
148	146	14	-75	31	1422840803	0
148	146	14	-75	31	1422840803	1
148	146	14	-75	31	1422840803	2
148	146	14	-75	31	1422840803	3
148	146	14	-75	31	1422840803	4
15	146	14	-55	31	1422840803	0
15	146	14	-55	31	1422840803	1
15	146	14	-55	31	1422840803	2
15	146	14	-55	31	1422840803	3
15	146	14	-54	31	1422840803	4
11	146	14	-74	31	1422840803	0
11	146	14	-74	31	1422840803	1
11	146	14	-74	31	1422840803	2
11	146	14	-74	31	1422840803	3
11	146	14	-74	31	1422840803	4
154	146	14	-76	31	1422840803	0
154	146	14	-76	31	1422840803	1
154	146	14	-76	31	1422840803	2
154	146	14	-76	31	1422840803	3
154	146	14	-77	31	1422840803	4
148	154	14	-64	31	1422840803	0
148	154	14	-64	31	1422840803	1
148	154	14	-64	31	1422840803	2
148	154	14	-64	31	1422840803	3
148	154	14	-64	31	1422840803	4
15	154	14	-79	31	1422840803	0
15	154	14	-80	31	1422840803	1
15	154	14	-80	31	1422840803	2
15	154	14	-80	31	1422840803	3
15	154	14	-80	31	1422840803	4
11	154	14	-76	31	1422840803	0
11	154	14	-76	31	1422840803	1
11	154	14	-76	31	1422840803	2
11	154	14	-76	31	1422840803	3
11	154	14	-76	31	1422840803	4
146	154	14	-78	31	1422840803	0
146	154	14	-78	31	1422840803	1
146	154	14	-78	31	1422840803	2
146	154	14	-78	31	1422840803	3
146	154	14	-78	31	1422840803	4
15	148	15	-71	31	1422840805	0
15	148	15	-71	31	1422840805	1
15	148	15	-71	31	1422840805	2
15	148	15	-71	31	1422840805	3
15	148	15	-70	31	1422840805	4
11	148	15	-62	31	1422840805	0
11	148	15	-62	31	1422840805	1
11	148	15	-62	31	1422840805	2
11	148	15	-62	31	1422840805	3
11	148	15	-62	31	1422840805	4
146	148	15	-69	31	1422840805	0
146	148	15	-69	31	1422840805	1
146	148	15	-69	31	1422840805	2
146	148	15	-70	31	1422840805	3
146	148	15	-70	31	1422840805	4
154	148	15	-63	31	1422840805	0
154	148	15	-63	31	1422840805	1
154	148	15	-64	31	1422840805	2
154	148	15	-64	31	1422840805	3
154	148	15	-63	31	1422840805	4
148	15	15	-66	31	1422840805	0
148	15	15	-66	31	1422840805	1
148	15	15	-66	31	1422840805	2
148	15	15	-66	31	1422840805	3
148	15	15	-66	31	1422840805	4
11	15	15	-66	31	1422840805	0
11	15	15	-66	31	1422840805	1
11	15	15	-66	31	1422840805	2
11	15	15	-66	31	1422840805	3
11	15	15	-66	31	1422840805	4
146	15	15	-55	31	1422840805	0
146	15	15	-55	31	1422840805	1
146	15	15	-55	31	1422840805	2
146	15	15	-55	31	1422840805	3
146	15	15	-55	31	1422840805	4
154	15	15	-83	31	1422840805	0
154	15	15	-83	31	1422840805	1
154	15	15	-83	31	1422840805	2
154	15	15	-83	31	1422840805	3
154	15	15	-83	31	1422840805	4
148	11	15	-60	31	1422840805	0
148	11	15	-60	31	1422840805	1
148	11	15	-60	31	1422840805	2
148	11	15	-60	31	1422840805	3
148	11	15	-60	31	1422840805	4
15	11	15	-67	31	1422840805	0
15	11	15	-67	31	1422840805	1
15	11	15	-67	31	1422840805	2
15	11	15	-67	31	1422840805	3
15	11	15	-67	31	1422840805	4
146	11	15	-67	31	1422840805	0
146	11	15	-67	31	1422840805	1
146	11	15	-67	31	1422840805	2
146	11	15	-67	31	1422840805	3
146	11	15	-67	31	1422840805	4
154	11	15	-74	31	1422840805	0
154	11	15	-74	31	1422840805	1
154	11	15	-74	31	1422840805	2
154	11	15	-74	31	1422840805	3
154	11	15	-74	31	1422840805	4
148	146	15	-70	31	1422840806	0
148	146	15	-70	31	1422840806	1
148	146	15	-70	31	1422840806	2
148	146	15	-70	31	1422840806	3
148	146	15	-70	31	1422840806	4
15	146	15	-54	31	1422840806	0
15	146	15	-54	31	1422840806	1
15	146	15	-54	31	1422840806	2
15	146	15	-54	31	1422840806	3
15	146	15	-54	31	1422840806	4
11	146	15	-70	31	1422840806	0
11	146	15	-70	31	1422840806	1
11	146	15	-70	31	1422840806	2
11	146	15	-70	31	1422840806	3
11	146	15	-70	31	1422840806	4
154	146	15	-77	31	1422840806	0
154	146	15	-76	31	1422840806	1
154	146	15	-77	31	1422840806	2
154	146	15	-77	31	1422840806	3
154	146	15	-77	31	1422840806	4
148	154	15	-66	31	1422840806	0
148	154	15	-66	31	1422840806	1
148	154	15	-66	31	1422840806	2
148	154	15	-66	31	1422840806	3
148	154	15	-66	31	1422840806	4
15	154	15	-90	31	1422840806	0
15	154	15	-90	31	1422840806	1
15	154	15	-90	31	1422840806	2
15	154	15	-90	31	1422840806	3
15	154	15	-90	31	1422840806	4
11	154	15	-78	31	1422840806	0
11	154	15	-78	31	1422840806	1
11	154	15	-78	31	1422840806	2
11	154	15	-78	31	1422840806	3
11	154	15	-78	31	1422840806	4
146	154	15	-78	31	1422840806	0
146	154	15	-79	31	1422840806	1
146	154	15	-78	31	1422840806	2
146	154	15	-78	31	1422840806	3
146	154	15	-79	31	1422840806	4
15	148	16	-72	31	1422840807	0
15	148	16	-73	31	1422840807	1
15	148	16	-73	31	1422840807	2
15	148	16	-73	31	1422840807	3
15	148	16	-74	31	1422840807	4
11	148	16	-62	31	1422840807	0
11	148	16	-62	31	1422840807	1
11	148	16	-62	31	1422840807	2
11	148	16	-62	31	1422840807	3
11	148	16	-62	31	1422840807	4
146	148	16	-66	31	1422840807	0
146	148	16	-66	31	1422840807	1
146	148	16	-66	31	1422840807	2
146	148	16	-66	31	1422840807	3
146	148	16	-66	31	1422840807	4
154	148	16	-67	31	1422840807	0
154	148	16	-67	31	1422840807	1
154	148	16	-66	31	1422840807	2
154	148	16	-67	31	1422840807	3
154	148	16	-67	31	1422840807	4
148	15	16	-68	31	1422840808	0
148	15	16	-68	31	1422840808	1
148	15	16	-68	31	1422840808	2
148	15	16	-68	31	1422840808	3
148	15	16	-68	31	1422840808	4
11	15	16	-62	31	1422840808	0
11	15	16	-62	31	1422840808	1
11	15	16	-62	31	1422840808	2
11	15	16	-62	31	1422840808	3
11	15	16	-62	31	1422840808	4
146	15	16	-55	31	1422840808	0
146	15	16	-55	31	1422840808	1
146	15	16	-55	31	1422840808	2
146	15	16	-55	31	1422840808	3
146	15	16	-55	31	1422840808	4
154	15	16	-84	31	1422840808	0
154	15	16	-83	31	1422840808	1
154	15	16	-83	31	1422840808	2
154	15	16	-83	31	1422840808	3
154	15	16	-83	31	1422840808	4
148	11	16	-59	31	1422840808	0
148	11	16	-60	31	1422840808	1
148	11	16	-60	31	1422840808	2
148	11	16	-60	31	1422840808	3
148	11	16	-59	31	1422840808	4
15	11	16	-64	31	1422840808	0
15	11	16	-64	31	1422840808	1
15	11	16	-64	31	1422840808	2
15	11	16	-64	31	1422840808	3
15	11	16	-64	31	1422840808	4
146	11	16	-70	31	1422840808	0
146	11	16	-70	31	1422840808	1
146	11	16	-70	31	1422840808	2
146	11	16	-70	31	1422840808	3
146	11	16	-70	31	1422840808	4
154	11	16	-65	31	1422840808	0
154	11	16	-65	31	1422840808	1
154	11	16	-65	31	1422840808	2
154	11	16	-64	31	1422840808	3
154	11	16	-65	31	1422840808	4
148	146	16	-65	31	1422840808	0
148	146	16	-65	31	1422840808	1
148	146	16	-65	31	1422840808	2
148	146	16	-65	31	1422840808	3
148	146	16	-66	31	1422840808	4
15	146	16	-54	31	1422840808	0
15	146	16	-54	31	1422840808	1
15	146	16	-54	31	1422840808	2
15	146	16	-54	31	1422840808	3
15	146	16	-54	31	1422840808	4
11	146	16	-74	31	1422840808	0
11	146	16	-74	31	1422840808	1
11	146	16	-74	31	1422840808	2
11	146	16	-74	31	1422840808	3
11	146	16	-74	31	1422840808	4
154	146	16	-76	31	1422840808	0
154	146	16	-77	31	1422840808	1
154	146	16	-76	31	1422840808	2
154	146	16	-76	31	1422840808	3
154	146	16	-76	31	1422840808	4
148	154	16	-69	31	1422840809	0
148	154	16	-69	31	1422840809	1
148	154	16	-69	31	1422840809	2
148	154	16	-69	31	1422840809	3
148	154	16	-69	31	1422840809	4
15	154	16	-90	31	1422840809	0
15	154	16	-90	31	1422840809	1
15	154	16	-90	31	1422840809	2
15	154	16	-90	31	1422840809	3
15	154	16	-90	31	1422840809	4
11	154	16	-69	31	1422840809	0
11	154	16	-69	31	1422840809	1
11	154	16	-69	31	1422840809	2
11	154	16	-69	31	1422840809	3
11	154	16	-69	31	1422840809	4
146	154	16	-78	31	1422840809	0
146	154	16	-78	31	1422840809	1
146	154	16	-78	31	1422840809	2
146	154	16	-78	31	1422840809	3
146	154	16	-78	31	1422840809	4
15	148	17	-63	31	1422840810	0
15	148	17	-63	31	1422840810	1
15	148	17	-63	31	1422840810	2
15	148	17	-63	31	1422840810	3
15	148	17	-63	31	1422840810	4
11	148	17	-60	31	1422840810	0
11	148	17	-60	31	1422840810	1
11	148	17	-60	31	1422840810	2
11	148	17	-60	31	1422840810	3
11	148	17	-60	31	1422840810	4
146	148	17	-64	31	1422840810	0
146	148	17	-64	31	1422840810	1
146	148	17	-64	31	1422840810	2
146	148	17	-64	31	1422840810	3
146	148	17	-64	31	1422840810	4
154	148	17	-66	31	1422840810	0
154	148	17	-66	31	1422840810	1
154	148	17	-66	31	1422840810	2
154	148	17	-66	31	1422840810	3
154	148	17	-66	31	1422840810	4
148	15	17	-59	31	1422840813	0
148	15	17	-60	31	1422840813	1
148	15	17	-60	31	1422840813	2
148	15	17	-60	31	1422840813	3
148	15	17	-60	31	1422840813	4
11	15	17	-60	31	1422840813	0
11	15	17	-60	31	1422840813	1
11	15	17	-60	31	1422840813	2
11	15	17	-60	31	1422840813	3
11	15	17	-60	31	1422840813	4
146	15	17	-59	31	1422840813	0
146	15	17	-59	31	1422840813	1
146	15	17	-59	31	1422840813	2
146	15	17	-59	31	1422840813	3
146	15	17	-59	31	1422840813	4
154	15	17	-87	31	1422840813	0
154	15	17	-86	31	1422840813	1
154	15	17	-87	31	1422840813	3
154	15	17	-87	31	1422840813	4
148	11	17	-55	31	1422840814	0
148	11	17	-55	31	1422840814	1
148	11	17	-55	31	1422840814	2
148	11	17	-55	31	1422840814	3
148	11	17	-55	31	1422840814	4
15	11	17	-60	31	1422840814	0
15	11	17	-60	31	1422840814	1
15	11	17	-60	31	1422840814	2
15	11	17	-60	31	1422840814	3
15	11	17	-60	31	1422840814	4
146	11	17	-72	31	1422840814	0
146	11	17	-71	31	1422840814	1
146	11	17	-71	31	1422840814	2
146	11	17	-72	31	1422840814	3
146	11	17	-72	31	1422840814	4
154	11	17	-54	31	1422840814	0
154	11	17	-54	31	1422840814	1
154	11	17	-54	31	1422840814	2
154	11	17	-54	31	1422840814	3
154	11	17	-54	31	1422840814	4
148	146	17	-63	31	1422840817	1
148	146	17	-64	31	1422840817	2
148	146	17	-64	31	1422840817	3
148	146	17	-64	31	1422840817	4
15	146	17	-60	31	1422840817	0
15	146	17	-60	31	1422840817	1
15	146	17	-60	31	1422840817	2
15	146	17	-60	31	1422840817	3
15	146	17	-60	31	1422840817	4
11	146	17	-74	31	1422840817	0
11	146	17	-74	31	1422840817	1
11	146	17	-74	31	1422840817	2
11	146	17	-74	31	1422840817	3
11	146	17	-74	31	1422840817	4
154	146	17	-74	31	1422840817	0
154	146	17	-74	31	1422840817	1
154	146	17	-74	31	1422840817	2
154	146	17	-74	31	1422840817	3
154	146	17	-74	31	1422840817	4
148	154	17	-68	31	1422840820	0
148	154	17	-68	31	1422840820	1
148	154	17	-68	31	1422840820	2
148	154	17	-68	31	1422840820	3
148	154	17	-68	31	1422840820	4
15	154	17	-91	31	1422840820	0
15	154	17	-92	31	1422840820	1
15	154	17	-92	31	1422840820	3
15	154	17	-92	31	1422840820	4
11	154	17	-61	31	1422840820	0
11	154	17	-61	31	1422840820	1
11	154	17	-61	31	1422840820	2
11	154	17	-61	31	1422840820	3
11	154	17	-61	31	1422840820	4
146	154	17	-76	31	1422840820	0
146	154	17	-76	31	1422840820	1
146	154	17	-76	31	1422840820	2
146	154	17	-76	31	1422840820	3
146	154	17	-76	31	1422840820	4
15	148	18	-60	31	1422840822	0
15	148	18	-60	31	1422840822	1
15	148	18	-60	31	1422840822	2
15	148	18	-60	31	1422840822	3
15	148	18	-60	31	1422840822	4
11	148	18	-54	31	1422840822	0
11	148	18	-54	31	1422840822	1
11	148	18	-54	31	1422840822	2
11	148	18	-54	31	1422840822	3
11	148	18	-54	31	1422840822	4
146	148	18	-63	31	1422840822	0
146	148	18	-63	31	1422840822	1
146	148	18	-63	31	1422840822	2
146	148	18	-63	31	1422840822	3
146	148	18	-63	31	1422840822	4
154	148	18	-64	31	1422840822	0
154	148	18	-64	31	1422840822	1
154	148	18	-64	31	1422840822	2
154	148	18	-64	31	1422840822	3
154	148	18	-64	31	1422840822	4
148	15	18	-54	31	1422840825	0
148	15	18	-54	31	1422840825	1
148	15	18	-54	31	1422840825	2
148	15	18	-54	31	1422840825	3
148	15	18	-54	31	1422840825	4
11	15	18	-58	31	1422840825	0
11	15	18	-58	31	1422840825	1
11	15	18	-56	31	1422840825	2
11	15	18	-58	31	1422840825	3
11	15	18	-58	31	1422840825	4
146	15	18	-66	31	1422840825	0
146	15	18	-66	31	1422840825	1
146	15	18	-66	31	1422840825	2
146	15	18	-66	31	1422840825	3
146	15	18	-66	31	1422840825	4
154	15	18	-78	31	1422840825	0
154	15	18	-78	31	1422840825	2
154	15	18	-78	31	1422840825	3
154	15	18	-78	31	1422840825	4
148	11	18	-57	31	1422840825	0
148	11	18	-57	31	1422840825	1
148	11	18	-57	31	1422840825	2
148	11	18	-57	31	1422840825	3
148	11	18	-57	31	1422840825	4
15	11	18	-60	31	1422840825	0
15	11	18	-60	31	1422840825	1
15	11	18	-60	31	1422840825	2
15	11	18	-60	31	1422840825	3
15	11	18	-60	31	1422840825	4
146	11	18	-70	31	1422840825	0
146	11	18	-70	31	1422840825	1
146	11	18	-69	31	1422840825	2
146	11	18	-70	31	1422840825	3
146	11	18	-69	31	1422840825	4
154	11	18	-59	31	1422840825	0
154	11	18	-59	31	1422840825	1
154	11	18	-59	31	1422840825	2
154	11	18	-59	31	1422840825	3
154	11	18	-59	31	1422840825	4
148	146	18	-63	31	1422840826	0
148	146	18	-63	31	1422840826	1
148	146	18	-63	31	1422840826	2
148	146	18	-62	31	1422840826	3
148	146	18	-63	31	1422840826	4
15	146	18	-70	31	1422840826	0
15	146	18	-70	31	1422840826	1
15	146	18	-70	31	1422840826	2
15	146	18	-70	31	1422840826	3
15	146	18	-70	31	1422840826	4
11	146	18	-72	31	1422840826	0
11	146	18	-72	31	1422840826	1
11	146	18	-72	31	1422840826	2
11	146	18	-72	31	1422840826	3
11	146	18	-72	31	1422840826	4
154	146	18	-72	31	1422840826	0
154	146	18	-72	31	1422840826	1
154	146	18	-72	31	1422840826	2
154	146	18	-71	31	1422840826	3
154	146	18	-72	31	1422840826	4
148	154	18	-66	31	1422840826	0
148	154	18	-66	31	1422840826	1
148	154	18	-66	31	1422840826	2
148	154	18	-66	31	1422840826	3
148	154	18	-66	31	1422840826	4
15	154	18	-84	31	1422840826	0
15	154	18	-84	31	1422840826	1
15	154	18	-84	31	1422840826	2
15	154	18	-84	31	1422840826	3
15	154	18	-84	31	1422840826	4
11	154	18	-60	31	1422840826	0
11	154	18	-60	31	1422840826	1
11	154	18	-60	31	1422840826	2
11	154	18	-60	31	1422840826	3
11	154	18	-60	31	1422840826	4
146	154	18	-74	31	1422840826	0
146	154	18	-74	31	1422840826	1
146	154	18	-74	31	1422840826	2
146	154	18	-74	31	1422840826	3
146	154	18	-74	31	1422840826	4
15	148	19	-60	31	1422840827	0
15	148	19	-60	31	1422840827	1
15	148	19	-60	31	1422840827	2
15	148	19	-60	31	1422840827	3
15	148	19	-60	31	1422840827	4
11	148	19	-58	31	1422840827	0
11	148	19	-58	31	1422840827	1
11	148	19	-58	31	1422840827	2
11	148	19	-58	31	1422840827	3
11	148	19	-58	31	1422840827	4
146	148	19	-62	31	1422840827	0
146	148	19	-62	31	1422840827	1
146	148	19	-62	31	1422840827	2
146	148	19	-62	31	1422840827	3
146	148	19	-62	31	1422840827	4
154	148	19	-64	31	1422840827	0
154	148	19	-64	31	1422840827	1
154	148	19	-64	31	1422840827	2
154	148	19	-64	31	1422840827	3
154	148	19	-64	31	1422840827	4
148	15	19	-54	31	1422840828	0
148	15	19	-54	31	1422840828	1
148	15	19	-54	31	1422840828	2
148	15	19	-54	31	1422840828	3
148	15	19	-54	31	1422840828	4
11	15	19	-60	31	1422840828	0
11	15	19	-60	31	1422840828	1
11	15	19	-60	31	1422840828	2
11	15	19	-61	31	1422840828	3
11	15	19	-60	31	1422840828	4
146	15	19	-70	31	1422840828	0
146	15	19	-70	31	1422840828	1
146	15	19	-70	31	1422840828	2
146	15	19	-70	31	1422840828	3
146	15	19	-70	31	1422840828	4
154	15	19	-76	31	1422840828	0
154	15	19	-76	31	1422840828	1
154	15	19	-76	31	1422840828	2
154	15	19	-76	31	1422840828	3
154	15	19	-76	31	1422840828	4
148	11	19	-59	31	1422840828	0
148	11	19	-59	31	1422840828	1
148	11	19	-59	31	1422840828	2
148	11	19	-59	31	1422840828	3
148	11	19	-59	31	1422840828	4
15	11	19	-61	31	1422840828	0
15	11	19	-61	31	1422840828	1
15	11	19	-61	31	1422840828	2
15	11	19	-61	31	1422840828	3
15	11	19	-61	31	1422840828	4
146	11	19	-66	31	1422840828	0
146	11	19	-66	31	1422840828	1
146	11	19	-66	31	1422840828	2
146	11	19	-66	31	1422840828	3
146	11	19	-66	31	1422840828	4
154	11	19	-64	31	1422840828	0
154	11	19	-64	31	1422840828	1
154	11	19	-64	31	1422840828	2
154	11	19	-64	31	1422840828	3
154	11	19	-64	31	1422840828	4
148	146	19	-62	31	1422840828	0
148	146	19	-62	31	1422840828	1
148	146	19	-62	31	1422840828	2
148	146	19	-62	31	1422840828	3
148	146	19	-62	31	1422840828	4
15	146	19	-74	31	1422840828	0
15	146	19	-74	31	1422840828	1
15	146	19	-74	31	1422840828	2
15	146	19	-74	31	1422840828	3
15	146	19	-75	31	1422840828	4
11	146	19	-68	31	1422840828	0
11	146	19	-69	31	1422840828	1
11	146	19	-69	31	1422840828	2
11	146	19	-69	31	1422840828	3
11	146	19	-69	31	1422840828	4
154	146	19	-72	31	1422840828	0
154	146	19	-72	31	1422840828	1
154	146	19	-72	31	1422840828	2
154	146	19	-72	31	1422840828	3
154	146	19	-72	31	1422840828	4
148	154	19	-66	31	1422840829	0
148	154	19	-66	31	1422840829	1
148	154	19	-66	31	1422840829	2
148	154	19	-66	31	1422840829	3
148	154	19	-66	31	1422840829	4
15	154	19	-82	31	1422840829	0
15	154	19	-82	31	1422840829	1
15	154	19	-82	31	1422840829	2
15	154	19	-82	31	1422840829	3
15	154	19	-82	31	1422840829	4
11	154	19	-68	31	1422840829	0
11	154	19	-68	31	1422840829	1
11	154	19	-68	31	1422840829	2
11	154	19	-68	31	1422840829	3
11	154	19	-68	31	1422840829	4
146	154	19	-74	31	1422840829	0
146	154	19	-74	31	1422840829	1
146	154	19	-74	31	1422840829	2
146	154	19	-74	31	1422840829	3
146	154	19	-74	31	1422840829	4
15	148	20	-62	31	1422840830	0
15	148	20	-62	31	1422840830	1
15	148	20	-62	31	1422840830	2
15	148	20	-62	31	1422840830	3
15	148	20	-62	31	1422840830	4
11	148	20	-54	31	1422840830	0
11	148	20	-54	31	1422840830	1
11	148	20	-54	31	1422840830	2
11	148	20	-54	31	1422840830	3
11	148	20	-54	31	1422840830	4
146	148	20	-65	31	1422840830	0
146	148	20	-65	31	1422840830	1
146	148	20	-65	31	1422840830	2
146	148	20	-64	31	1422840830	3
146	148	20	-64	31	1422840830	4
154	148	20	-67	31	1422840830	0
154	148	20	-67	31	1422840830	1
154	148	20	-67	31	1422840830	2
154	148	20	-67	31	1422840830	3
154	148	20	-67	31	1422840830	4
148	15	20	-58	31	1422840831	0
148	15	20	-58	31	1422840831	1
148	15	20	-58	31	1422840831	2
148	15	20	-58	31	1422840831	3
148	15	20	-58	31	1422840831	4
11	15	20	-61	31	1422840831	0
11	15	20	-60	31	1422840831	1
11	15	20	-60	31	1422840831	2
11	15	20	-60	31	1422840831	3
11	15	20	-60	31	1422840831	4
146	15	20	-60	31	1422840831	0
146	15	20	-60	31	1422840831	1
146	15	20	-60	31	1422840831	2
146	15	20	-59	31	1422840831	3
146	15	20	-60	31	1422840831	4
154	15	20	-72	31	1422840831	0
154	15	20	-72	31	1422840831	1
154	15	20	-72	31	1422840831	2
154	15	20	-72	31	1422840831	3
154	15	20	-72	31	1422840831	4
148	11	20	-57	31	1422840831	0
148	11	20	-57	31	1422840831	1
148	11	20	-57	31	1422840831	2
148	11	20	-57	31	1422840831	3
148	11	20	-57	31	1422840831	4
15	11	20	-62	31	1422840831	0
15	11	20	-62	31	1422840831	1
15	11	20	-62	31	1422840831	2
15	11	20	-62	31	1422840831	3
15	11	20	-62	31	1422840831	4
146	11	20	-64	31	1422840831	0
146	11	20	-64	31	1422840831	1
146	11	20	-64	31	1422840831	2
146	11	20	-64	31	1422840831	3
146	11	20	-64	31	1422840831	4
154	11	20	-58	31	1422840831	0
154	11	20	-58	31	1422840831	1
154	11	20	-56	31	1422840831	2
154	11	20	-56	31	1422840831	3
154	11	20	-56	31	1422840831	4
148	146	20	-64	31	1422840831	0
148	146	20	-64	31	1422840831	1
148	146	20	-64	31	1422840831	2
148	146	20	-64	31	1422840831	3
148	146	20	-64	31	1422840831	4
15	146	20	-62	31	1422840831	0
15	146	20	-62	31	1422840831	1
15	146	20	-62	31	1422840831	2
15	146	20	-62	31	1422840831	3
15	146	20	-62	31	1422840831	4
11	146	20	-66	31	1422840831	0
11	146	20	-66	31	1422840831	1
11	146	20	-66	31	1422840831	2
11	146	20	-66	31	1422840831	3
11	146	20	-66	31	1422840831	4
154	146	20	-74	31	1422840831	0
154	146	20	-74	31	1422840831	1
154	146	20	-74	31	1422840831	2
154	146	20	-74	31	1422840831	3
154	146	20	-74	31	1422840831	4
148	154	20	-69	31	1422840832	0
148	154	20	-68	31	1422840832	1
148	154	20	-68	31	1422840832	2
148	154	20	-68	31	1422840832	3
148	154	20	-69	31	1422840832	4
15	154	20	-78	31	1422840832	0
15	154	20	-78	31	1422840832	1
15	154	20	-78	31	1422840832	2
15	154	20	-78	31	1422840832	3
15	154	20	-78	31	1422840832	4
11	154	20	-62	31	1422840832	0
11	154	20	-62	31	1422840832	1
11	154	20	-62	31	1422840832	2
11	154	20	-62	31	1422840832	3
11	154	20	-62	31	1422840832	4
146	154	20	-76	31	1422840832	0
146	154	20	-76	31	1422840832	1
146	154	20	-76	31	1422840832	2
146	154	20	-76	31	1422840832	3
146	154	20	-76	31	1422840832	4
15	148	21	-63	31	1422840833	0
15	148	21	-63	31	1422840833	1
15	148	21	-63	31	1422840833	2
15	148	21	-63	31	1422840833	3
15	148	21	-63	31	1422840833	4
11	148	21	-54	31	1422840833	0
11	148	21	-59	31	1422840833	1
11	148	21	-54	31	1422840833	2
11	148	21	-54	31	1422840833	3
11	148	21	-59	31	1422840833	4
146	148	21	-70	31	1422840833	0
146	148	21	-70	31	1422840833	1
146	148	21	-70	31	1422840833	2
146	148	21	-70	31	1422840833	3
146	148	21	-70	31	1422840833	4
154	148	21	-75	31	1422840833	0
154	148	21	-76	31	1422840833	1
154	148	21	-76	31	1422840833	2
154	148	21	-76	31	1422840833	3
154	148	21	-76	31	1422840833	4
148	15	21	-60	31	1422840833	0
148	15	21	-59	31	1422840833	1
148	15	21	-60	31	1422840833	2
148	15	21	-60	31	1422840833	3
148	15	21	-59	31	1422840833	4
11	15	21	-55	31	1422840833	0
11	15	21	-55	31	1422840833	1
11	15	21	-55	31	1422840833	2
11	15	21	-55	31	1422840833	3
11	15	21	-55	31	1422840833	4
146	15	21	-59	31	1422840833	0
146	15	21	-59	31	1422840833	1
146	15	21	-59	31	1422840833	2
146	15	21	-59	31	1422840833	3
146	15	21	-59	31	1422840833	4
154	15	21	-66	31	1422840833	0
154	15	21	-66	31	1422840833	1
154	15	21	-66	31	1422840833	2
154	15	21	-66	31	1422840833	3
154	15	21	-66	31	1422840833	4
148	11	21	-55	31	1422840833	0
148	11	21	-55	31	1422840833	1
148	11	21	-55	31	1422840833	2
148	11	21	-55	31	1422840833	3
148	11	21	-55	31	1422840833	4
15	11	21	-58	31	1422840833	0
15	11	21	-58	31	1422840833	1
15	11	21	-58	31	1422840833	2
15	11	21	-58	31	1422840833	3
15	11	21	-58	31	1422840833	4
146	11	21	-62	31	1422840833	0
146	11	21	-62	31	1422840833	1
146	11	21	-62	31	1422840833	2
146	11	21	-62	31	1422840833	3
146	11	21	-62	31	1422840833	4
154	11	21	-58	31	1422840833	0
154	11	21	-58	31	1422840833	1
154	11	21	-58	31	1422840833	2
154	11	21	-58	31	1422840833	3
154	11	21	-58	31	1422840833	4
148	146	21	-69	31	1422840834	0
148	146	21	-70	31	1422840834	1
148	146	21	-69	31	1422840834	2
148	146	21	-70	31	1422840834	3
148	146	21	-69	31	1422840834	4
15	146	21	-60	31	1422840834	0
15	146	21	-59	31	1422840834	1
15	146	21	-59	31	1422840834	2
15	146	21	-60	31	1422840834	3
15	146	21	-59	31	1422840834	4
11	146	21	-64	31	1422840834	0
11	146	21	-64	31	1422840834	1
11	146	21	-65	31	1422840834	2
11	146	21	-64	31	1422840834	3
11	146	21	-65	31	1422840834	4
154	146	21	-79	31	1422840834	0
154	146	21	-80	31	1422840834	1
154	146	21	-79	31	1422840834	2
154	146	21	-79	31	1422840834	3
154	146	21	-79	31	1422840834	4
148	154	21	-76	31	1422840834	0
148	154	21	-76	31	1422840834	1
148	154	21	-77	31	1422840834	2
148	154	21	-77	31	1422840834	3
148	154	21	-77	31	1422840834	4
15	154	21	-72	31	1422840834	0
15	154	21	-72	31	1422840834	1
15	154	21	-71	31	1422840834	2
15	154	21	-71	31	1422840834	3
15	154	21	-72	31	1422840834	4
11	154	21	-59	31	1422840834	0
11	154	21	-56	31	1422840834	1
11	154	21	-59	31	1422840834	2
11	154	21	-60	31	1422840834	3
11	154	21	-56	31	1422840834	4
146	154	21	-82	31	1422840834	0
146	154	21	-81	31	1422840834	1
146	154	21	-81	31	1422840834	2
146	154	21	-81	31	1422840834	3
146	154	21	-81	31	1422840834	4
15	148	22	-64	31	1422840837	0
15	148	22	-64	31	1422840837	1
15	148	22	-65	31	1422840837	2
15	148	22	-64	31	1422840837	3
15	148	22	-64	31	1422840837	4
11	148	22	-55	31	1422840837	0
11	148	22	-55	31	1422840837	1
11	148	22	-56	31	1422840837	2
11	148	22	-55	31	1422840837	3
11	148	22	-55	31	1422840837	4
154	148	22	-64	31	1422840837	0
154	148	22	-64	31	1422840837	1
154	148	22	-64	31	1422840837	2
154	148	22	-64	31	1422840837	3
154	148	22	-64	31	1422840837	4
148	15	22	-61	31	1422840837	0
148	15	22	-61	31	1422840838	1
148	15	22	-61	31	1422840838	2
148	15	22	-61	31	1422840838	3
148	15	22	-61	31	1422840838	4
11	15	22	-58	31	1422840838	0
11	15	22	-58	31	1422840838	1
11	15	22	-58	31	1422840838	2
11	15	22	-58	31	1422840838	3
11	15	22	-58	31	1422840838	4
146	15	22	-55	31	1422840838	0
146	15	22	-55	31	1422840838	1
146	15	22	-55	31	1422840838	2
146	15	22	-55	31	1422840838	3
146	15	22	-55	31	1422840838	4
154	15	22	-60	31	1422840838	0
154	15	22	-60	31	1422840838	1
154	15	22	-60	31	1422840838	2
154	15	22	-60	31	1422840838	3
154	15	22	-60	31	1422840838	4
148	11	22	-52	31	1422840838	0
148	11	22	-52	31	1422840838	1
148	11	22	-52	31	1422840838	2
148	11	22	-54	31	1422840838	3
148	11	22	-52	31	1422840838	4
15	11	22	-58	31	1422840838	0
15	11	22	-58	31	1422840838	1
15	11	22	-58	31	1422840838	2
15	11	22	-58	31	1422840838	3
15	11	22	-58	31	1422840838	4
146	11	22	-62	31	1422840838	0
146	11	22	-62	31	1422840838	1
146	11	22	-62	31	1422840838	2
146	11	22	-62	31	1422840838	3
146	11	22	-62	31	1422840838	4
154	11	22	-58	31	1422840838	0
154	11	22	-58	31	1422840838	1
154	11	22	-58	31	1422840838	2
154	11	22	-58	31	1422840838	3
154	11	22	-58	31	1422840838	4
148	146	22	-84	31	1422840841	3
148	146	22	-85	31	1422840841	4
15	146	22	-60	31	1422840841	0
15	146	22	-60	31	1422840841	1
15	146	22	-60	31	1422840841	2
15	146	22	-60	31	1422840841	3
11	146	22	-64	31	1422840841	0
11	146	22	-64	31	1422840841	1
11	146	22	-64	31	1422840841	2
11	146	22	-64	31	1422840841	3
11	146	22	-64	31	1422840841	4
154	146	22	-82	31	1422840841	0
154	146	22	-82	31	1422840841	1
154	146	22	-82	31	1422840841	2
154	146	22	-82	31	1422840841	3
154	146	22	-82	31	1422840841	4
148	154	22	-64	31	1422840841	0
148	154	22	-64	31	1422840841	1
148	154	22	-64	31	1422840841	2
148	154	22	-64	31	1422840841	3
148	154	22	-64	31	1422840841	4
15	154	22	-66	31	1422840841	0
15	154	22	-66	31	1422840841	1
15	154	22	-66	31	1422840841	2
15	154	22	-66	31	1422840841	3
15	154	22	-66	31	1422840841	4
11	154	22	-56	31	1422840841	0
11	154	22	-60	31	1422840841	1
11	154	22	-60	31	1422840841	2
11	154	22	-60	31	1422840841	3
11	154	22	-60	31	1422840841	4
146	154	22	-84	31	1422840841	0
146	154	22	-84	31	1422840841	1
146	154	22	-84	31	1422840841	2
146	154	22	-84	31	1422840841	3
146	154	22	-84	31	1422840841	4
11	148	11	-60	31	1422840848	0
11	148	11	-60	31	1422840848	1
11	148	11	-60	31	1422840848	2
11	148	11	-60	31	1422840848	3
11	148	11	-60	31	1422840848	4
146	148	11	-73	31	1422840848	0
146	148	11	-73	31	1422840848	1
146	148	11	-73	31	1422840848	2
146	148	11	-73	31	1422840848	3
146	148	11	-73	31	1422840848	4
154	148	11	-64	31	1422840848	0
154	148	11	-64	31	1422840848	1
154	148	11	-64	31	1422840848	2
154	148	11	-64	31	1422840848	3
154	148	11	-64	31	1422840848	4
148	15	23	-74	31	1422840849	0
148	15	23	-74	31	1422840849	1
148	15	23	-74	31	1422840849	2
148	15	23	-74	31	1422840849	3
148	15	23	-74	31	1422840849	4
11	15	11	-66	31	1422840849	0
11	15	11	-66	31	1422840849	1
11	15	11	-66	31	1422840849	2
11	15	11	-66	31	1422840849	3
11	15	11	-66	31	1422840849	4
146	15	11	-59	31	1422840849	0
146	15	11	-59	31	1422840849	1
146	15	11	-59	31	1422840849	2
146	15	11	-59	31	1422840849	3
146	15	11	-59	31	1422840849	4
154	15	11	-78	31	1422840849	0
154	15	11	-78	31	1422840849	1
154	15	11	-78	31	1422840849	2
154	15	11	-78	31	1422840849	3
154	15	11	-78	31	1422840849	4
148	11	23	-49	31	1422840852	0
148	11	23	-48	31	1422840852	1
148	11	23	-49	31	1422840852	2
148	11	23	-47	31	1422840852	3
148	11	23	-49	31	1422840852	4
146	11	11	-70	31	1422840852	0
146	11	11	-70	31	1422840852	1
146	11	11	-70	31	1422840852	2
146	11	11	-70	31	1422840852	3
146	11	11	-71	31	1422840852	4
154	11	11	-79	31	1422840852	0
154	11	11	-79	31	1422840852	1
154	11	11	-80	31	1422840852	2
154	11	11	-79	31	1422840852	3
154	11	11	-80	31	1422840852	4
148	146	22	-84	31	1422840852	3
148	146	22	-85	31	1422840852	4
15	146	22	-60	31	1422840852	0
15	146	22	-60	31	1422840852	1
15	146	22	-60	31	1422840852	2
15	146	22	-60	31	1422840852	3
11	146	22	-64	31	1422840852	0
11	146	22	-64	31	1422840852	1
11	146	22	-64	31	1422840852	2
11	146	22	-64	31	1422840852	3
11	146	22	-64	31	1422840852	4
154	146	22	-82	31	1422840852	0
154	146	22	-82	31	1422840852	1
154	146	22	-82	31	1422840852	2
154	146	22	-82	31	1422840852	3
154	146	22	-82	31	1422840852	4
11	146	11	-74	31	1422840852	0
11	146	11	-74	31	1422840852	1
11	146	11	-74	31	1422840852	2
11	146	11	-74	31	1422840852	3
11	146	11	-74	31	1422840852	4
154	146	11	-89	31	1422840852	0
154	146	11	-89	31	1422840852	1
154	146	11	-89	31	1422840855	2
148	154	23	-62	31	1422840855	0
148	154	23	-62	31	1422840855	1
154	146	11	-89	31	1422840855	3
148	154	23	-62	31	1422840855	2
148	154	23	-62	31	1422840855	3
154	146	11	-89	31	1422840855	4
148	154	23	-62	31	1422840855	4
11	154	11	-84	31	1422840855	0
11	154	11	-84	31	1422840855	1
11	154	11	-84	31	1422840855	2
11	154	11	-84	31	1422840855	3
11	154	11	-84	31	1422840855	4
146	154	11	-91	31	1422840855	0
146	154	11	-91	31	1422840855	1
146	154	11	-91	31	1422840855	2
146	154	11	-91	31	1422840855	3
146	154	11	-91	31	1422840855	4
11	148	11	-60	31	1422840862	0
11	148	11	-60	31	1422840862	1
11	148	11	-60	31	1422840862	2
11	148	11	-60	31	1422840862	3
11	148	11	-60	31	1422840862	4
146	148	11	-73	31	1422840862	0
146	148	11	-74	31	1422840862	1
146	148	11	-73	31	1422840862	2
146	148	11	-73	31	1422840862	3
146	148	11	-73	31	1422840862	4
154	148	11	-64	31	1422840862	0
154	148	11	-64	31	1422840862	1
154	148	11	-64	31	1422840862	2
154	148	11	-64	31	1422840862	3
154	148	11	-64	31	1422840862	4
148	15	24	-64	31	1422840862	0
148	15	24	-64	31	1422840862	1
148	15	24	-64	31	1422840862	2
148	15	24	-64	31	1422840862	3
148	15	24	-65	31	1422840862	4
11	15	11	-66	31	1422840862	0
11	15	11	-66	31	1422840862	1
11	15	11	-66	31	1422840862	2
11	15	11	-66	31	1422840862	3
11	15	11	-66	31	1422840862	4
146	15	11	-59	31	1422840862	0
146	15	11	-59	31	1422840862	1
146	15	11	-59	31	1422840862	2
146	15	11	-59	31	1422840862	3
146	15	11	-59	31	1422840862	4
154	15	11	-78	31	1422840862	0
154	15	11	-78	31	1422840862	1
154	15	11	-78	31	1422840862	2
154	15	11	-79	31	1422840862	3
154	15	11	-78	31	1422840862	4
148	11	24	-47	31	1422840865	0
148	11	24	-47	31	1422840865	1
148	11	24	-46	31	1422840865	2
148	11	24	-47	31	1422840865	3
148	11	24	-47	31	1422840865	4
146	11	11	-71	31	1422840865	0
146	11	11	-70	31	1422840865	1
146	11	11	-70	31	1422840865	2
146	11	11	-71	31	1422840865	3
146	11	11	-71	31	1422840865	4
154	11	11	-80	31	1422840865	0
154	11	11	-80	31	1422840865	1
154	11	11	-80	31	1422840865	2
154	11	11	-80	31	1422840865	3
154	11	11	-79	31	1422840865	4
148	146	24	-66	31	1422840868	0
148	146	24	-66	31	1422840869	1
148	146	24	-66	31	1422840869	2
148	146	24	-66	31	1422840869	3
148	146	24	-66	31	1422840869	4
11	146	11	-75	31	1422840869	0
11	146	11	-74	31	1422840869	1
11	146	11	-74	31	1422840869	2
11	146	11	-75	31	1422840869	3
11	146	11	-74	31	1422840869	4
154	146	11	-89	31	1422840869	0
154	146	11	-89	31	1422840869	1
154	146	11	-89	31	1422840869	2
154	146	11	-89	31	1422840869	3
154	146	11	-89	31	1422840869	4
148	154	24	-63	31	1422840872	0
148	154	24	-63	31	1422840872	1
148	154	24	-63	31	1422840872	2
148	154	24	-63	31	1422840872	3
148	154	24	-63	31	1422840872	4
11	154	11	-84	31	1422840872	0
11	154	11	-84	31	1422840872	1
11	154	11	-85	31	1422840872	2
11	154	11	-85	31	1422840872	3
11	154	11	-85	31	1422840872	4
146	154	11	-90	31	1422840872	0
146	154	11	-91	31	1422840872	1
146	154	11	-91	31	1422840872	2
146	154	11	-90	31	1422840872	3
146	154	11	-91	31	1422840872	4
11	148	11	-60	31	1422840878	0
11	148	11	-60	31	1422840878	1
11	148	11	-60	31	1422840878	2
11	148	11	-60	31	1422840878	3
11	148	11	-60	31	1422840878	4
146	148	11	-74	31	1422840878	0
146	148	11	-73	31	1422840878	1
146	148	11	-73	31	1422840878	2
146	148	11	-73	31	1422840878	3
146	148	11	-74	31	1422840878	4
154	148	11	-64	31	1422840878	0
154	148	11	-64	31	1422840878	1
154	148	11	-64	31	1422840878	2
154	148	11	-64	31	1422840878	3
154	148	11	-64	31	1422840878	4
148	15	25	-61	31	1422840878	0
148	15	25	-61	31	1422840878	1
148	15	25	-60	31	1422840878	2
148	15	25	-60	31	1422840878	3
148	15	25	-61	31	1422840878	4
11	15	11	-66	31	1422840878	0
11	15	11	-66	31	1422840878	1
11	15	11	-66	31	1422840878	2
11	15	11	-66	31	1422840878	3
11	15	11	-66	31	1422840878	4
146	15	11	-59	31	1422840878	0
146	15	11	-59	31	1422840878	1
146	15	11	-59	31	1422840878	2
146	15	11	-59	31	1422840878	3
146	15	11	-59	31	1422840878	4
154	15	11	-78	31	1422840878	0
154	15	11	-79	31	1422840878	1
154	15	11	-79	31	1422840878	2
154	15	11	-78	31	1422840878	3
154	15	11	-78	31	1422840878	4
148	11	25	-47	31	1422840881	0
148	11	25	-47	31	1422840881	1
148	11	25	-47	31	1422840881	2
148	11	25	-47	31	1422840881	3
148	11	25	-47	31	1422840881	4
146	11	11	-71	31	1422840881	0
146	11	11	-70	31	1422840881	1
146	11	11	-71	31	1422840881	2
146	11	11	-71	31	1422840881	3
146	11	11	-70	31	1422840881	4
154	11	11	-79	31	1422840881	0
154	11	11	-80	31	1422840881	1
154	11	11	-79	31	1422840881	2
154	11	11	-79	31	1422840881	3
154	11	11	-79	31	1422840881	4
148	146	25	-65	31	1422840885	0
148	146	25	-65	31	1422840885	1
148	146	25	-65	31	1422840885	2
148	146	25	-65	31	1422840885	3
148	146	25	-65	31	1422840885	4
11	146	11	-74	31	1422840885	0
11	146	11	-74	31	1422840885	1
11	146	11	-74	31	1422840885	2
11	146	11	-75	31	1422840885	3
11	146	11	-74	31	1422840885	4
154	146	11	-89	31	1422840885	0
154	146	11	-89	31	1422840885	1
154	146	11	-89	31	1422840885	2
154	146	11	-88	31	1422840885	3
154	146	11	-89	31	1422840885	4
148	154	25	-62	31	1422840888	0
148	154	25	-62	31	1422840888	1
148	154	25	-62	31	1422840888	2
148	154	25	-62	31	1422840888	3
148	154	25	-62	31	1422840888	4
11	154	11	-84	31	1422840888	0
11	154	11	-83	31	1422840888	1
11	154	11	-83	31	1422840888	2
11	154	11	-84	31	1422840888	3
11	154	11	-84	31	1422840888	4
146	154	11	-90	31	1422840888	0
146	154	11	-90	31	1422840888	1
146	154	11	-90	31	1422840888	2
146	154	11	-90	31	1422840888	3
146	154	11	-91	31	1422840888	4
11	148	11	-60	31	1422840894	0
11	148	11	-60	31	1422840894	1
11	148	11	-60	31	1422840894	2
11	148	11	-60	31	1422840894	3
11	148	11	-60	31	1422840894	4
146	148	11	-73	31	1422840894	0
146	148	11	-73	31	1422840894	1
146	148	11	-73	31	1422840894	2
146	148	11	-73	31	1422840894	3
146	148	11	-73	31	1422840894	4
154	148	11	-64	31	1422840894	0
154	148	11	-64	31	1422840894	1
154	148	11	-64	31	1422840894	2
154	148	11	-64	31	1422840894	3
154	148	11	-64	31	1422840894	4
148	15	26	-58	31	1422840895	0
148	15	26	-58	31	1422840895	1
148	15	26	-58	31	1422840895	2
148	15	26	-58	31	1422840895	3
148	15	26	-58	31	1422840895	4
11	15	11	-66	31	1422840895	0
11	15	11	-66	31	1422840895	1
11	15	11	-66	31	1422840895	2
11	15	11	-66	31	1422840895	3
11	15	11	-66	31	1422840895	4
146	15	11	-59	31	1422840895	0
146	15	11	-59	31	1422840895	1
146	15	11	-59	31	1422840895	2
146	15	11	-59	31	1422840895	3
146	15	11	-59	31	1422840895	4
154	15	11	-79	31	1422840895	0
154	15	11	-78	31	1422840895	1
154	15	11	-79	31	1422840895	2
154	15	11	-78	31	1422840895	3
154	15	11	-78	31	1422840895	4
148	11	26	-50	31	1422840898	0
148	11	26	-50	31	1422840898	1
148	11	26	-48	31	1422840898	2
148	11	26	-49	31	1422840898	3
148	11	26	-50	31	1422840898	4
146	11	11	-70	31	1422840898	0
146	11	11	-70	31	1422840898	1
146	11	11	-71	31	1422840898	2
146	11	11	-70	31	1422840898	3
146	11	11	-71	31	1422840898	4
154	11	11	-79	31	1422840898	0
154	11	11	-79	31	1422840898	1
154	11	11	-79	31	1422840898	2
154	11	11	-79	31	1422840898	4
148	146	26	-68	31	1422840901	0
148	146	26	-68	31	1422840901	1
148	146	26	-68	31	1422840901	2
148	146	26	-68	31	1422840901	3
148	146	26	-68	31	1422840901	4
11	146	11	-74	31	1422840901	0
11	146	11	-74	31	1422840901	1
11	146	11	-75	31	1422840901	2
11	146	11	-74	31	1422840901	3
11	146	11	-74	31	1422840901	4
154	146	11	-89	31	1422840901	0
154	146	11	-89	31	1422840901	1
154	146	11	-89	31	1422840901	2
154	146	11	-89	31	1422840901	3
154	146	11	-89	31	1422840901	4
148	154	26	-61	31	1422840904	0
148	154	26	-60	31	1422840904	1
148	154	26	-61	31	1422840904	2
148	154	26	-60	31	1422840904	3
148	154	26	-61	31	1422840904	4
11	154	11	-84	31	1422840904	0
11	154	11	-84	31	1422840904	1
11	154	11	-83	31	1422840904	2
11	154	11	-84	31	1422840904	3
11	154	11	-84	31	1422840904	4
146	154	11	-91	31	1422840904	0
146	154	11	-90	31	1422840904	1
146	154	11	-91	31	1422840904	2
146	154	11	-91	31	1422840904	3
146	154	11	-91	31	1422840904	4
