15	148	11	-63	31	1422840908	0
15	148	11	-64	31	1422840909	1
15	148	11	-63	31	1422840909	2
15	148	11	-63	31	1422840909	3
15	148	11	-63	31	1422840909	4
15	148	11	-63	31	1422840909	5
15	148	11	-64	31	1422840909	6
15	148	11	-63	31	1422840909	7
15	148	11	-63	31	1422840909	8
15	148	11	-63	31	1422840909	9
146	148	11	-74	31	1422840909	0
146	148	11	-74	31	1422840909	1
146	148	11	-74	31	1422840909	2
146	148	11	-74	31	1422840909	3
146	148	11	-74	31	1422840909	4
146	148	11	-74	31	1422840909	5
146	148	11	-74	31	1422840909	6
146	148	11	-74	31	1422840909	7
146	148	11	-74	31	1422840909	8
146	148	11	-74	31	1422840909	9
154	148	11	-64	31	1422840909	0
154	148	11	-64	31	1422840909	1
154	148	11	-64	31	1422840909	2
154	148	11	-64	31	1422840909	3
154	148	11	-64	31	1422840909	4
154	148	11	-64	31	1422840909	5
154	148	11	-64	31	1422840909	6
154	148	11	-64	31	1422840909	7
154	148	11	-64	31	1422840909	8
154	148	11	-64	31	1422840909	9
11	148	11	-60	31	1422840909	0
11	148	11	-60	31	1422840909	1
11	148	11	-60	31	1422840909	2
11	148	11	-60	31	1422840909	3
11	148	11	-60	31	1422840909	4
11	148	11	-60	31	1422840909	5
11	148	11	-60	31	1422840909	6
11	148	11	-60	31	1422840909	7
11	148	11	-60	31	1422840909	8
11	148	11	-60	31	1422840909	9
148	15	11	-60	31	1422840909	0
148	15	11	-60	31	1422840909	1
148	15	11	-60	31	1422840909	2
148	15	11	-60	31	1422840909	3
148	15	11	-60	31	1422840909	4
148	15	11	-61	31	1422840909	5
148	15	11	-60	31	1422840909	6
148	15	11	-60	31	1422840909	7
148	15	11	-60	31	1422840909	8
148	15	11	-60	31	1422840909	9
146	15	11	-59	31	1422840909	0
146	15	11	-59	31	1422840909	1
146	15	11	-59	31	1422840909	2
146	15	11	-59	31	1422840909	3
146	15	11	-59	31	1422840909	4
146	15	11	-59	31	1422840909	5
146	15	11	-59	31	1422840909	6
146	15	11	-59	31	1422840909	7
146	15	11	-59	31	1422840909	8
146	15	11	-59	31	1422840909	9
154	15	11	-78	31	1422840909	0
154	15	11	-78	31	1422840909	1
154	15	11	-78	31	1422840909	2
154	15	11	-78	31	1422840909	3
154	15	11	-78	31	1422840909	4
154	15	11	-78	31	1422840909	5
154	15	11	-78	31	1422840909	6
154	15	11	-78	31	1422840909	7
154	15	11	-78	31	1422840909	8
154	15	11	-79	31	1422840909	9
11	15	11	-66	31	1422840909	0
11	15	11	-66	31	1422840909	1
11	15	11	-66	31	1422840909	2
11	15	11	-66	31	1422840909	3
11	15	11	-66	31	1422840909	4
11	15	11	-66	31	1422840909	5
11	15	11	-66	31	1422840909	6
11	15	11	-66	31	1422840909	7
11	15	11	-66	31	1422840909	8
11	15	11	-66	31	1422840909	9
148	146	11	-74	31	1422840913	0
148	146	11	-74	31	1422840913	1
148	146	11	-74	31	1422840913	2
148	146	11	-74	31	1422840913	3
148	146	11	-74	31	1422840913	4
148	146	11	-74	31	1422840913	5
148	146	11	-74	31	1422840913	6
148	146	11	-74	31	1422840913	7
148	146	11	-74	31	1422840913	8
148	146	11	-74	31	1422840913	9
15	146	11	-60	31	1422840913	0
15	146	11	-60	31	1422840913	1
15	146	11	-60	31	1422840913	2
15	146	11	-60	31	1422840913	3
15	146	11	-60	31	1422840913	4
15	146	11	-60	31	1422840913	5
15	146	11	-60	31	1422840913	6
15	146	11	-60	31	1422840913	7
15	146	11	-60	31	1422840913	8
15	146	11	-60	31	1422840913	9
154	146	11	-88	31	1422840913	0
154	146	11	-88	31	1422840913	2
154	146	11	-88	31	1422840913	3
154	146	11	-88	31	1422840913	4
154	146	11	-88	31	1422840913	5
154	146	11	-88	31	1422840913	6
154	146	11	-88	31	1422840913	7
154	146	11	-88	31	1422840913	8
154	146	11	-88	31	1422840913	9
11	146	11	-74	31	1422840913	0
11	146	11	-74	31	1422840913	1
11	146	11	-74	31	1422840913	3
11	146	11	-74	31	1422840913	5
11	146	11	-74	31	1422840913	7
148	154	11	-66	31	1422840913	0
148	154	11	-66	31	1422840913	1
148	154	11	-66	31	1422840913	2
148	154	11	-66	31	1422840913	3
148	154	11	-66	31	1422840913	4
148	154	11	-66	31	1422840913	5
148	154	11	-66	31	1422840913	6
148	154	11	-66	31	1422840913	7
148	154	11	-66	31	1422840913	8
148	154	11	-66	31	1422840913	9
15	154	11	-86	31	1422840913	0
15	154	11	-84	31	1422840913	1
15	154	11	-86	31	1422840913	2
15	154	11	-86	31	1422840913	3
15	154	11	-84	31	1422840913	4
15	154	11	-84	31	1422840913	5
15	154	11	-85	31	1422840913	6
15	154	11	-85	31	1422840913	7
15	154	11	-84	31	1422840913	8
15	154	11	-84	31	1422840913	9
146	154	11	-90	31	1422840913	0
146	154	11	-90	31	1422840913	1
146	154	11	-90	31	1422840913	2
146	154	11	-90	31	1422840913	3
146	154	11	-90	31	1422840913	4
146	154	11	-90	31	1422840913	5
146	154	11	-90	31	1422840913	6
146	154	11	-90	31	1422840913	7
146	154	11	-90	31	1422840913	8
146	154	11	-90	31	1422840913	9
11	154	11	-84	31	1422840913	0
11	154	11	-84	31	1422840913	1
11	154	11	-84	31	1422840913	2
11	154	11	-84	31	1422840913	3
11	154	11	-84	31	1422840913	4
11	154	11	-84	31	1422840913	5
11	154	11	-83	31	1422840913	6
11	154	11	-84	31	1422840913	7
11	154	11	-84	31	1422840913	8
11	154	11	-84	31	1422840913	9
148	11	11	-58	31	1422840914	0
148	11	11	-58	31	1422840914	1
148	11	11	-58	31	1422840914	2
148	11	11	-56	31	1422840914	3
148	11	11	-58	31	1422840914	4
148	11	11	-58	31	1422840914	5
148	11	11	-58	31	1422840914	6
148	11	11	-58	31	1422840914	7
148	11	11	-58	31	1422840914	8
148	11	11	-58	31	1422840914	9
15	11	11	-68	31	1422840914	0
15	11	11	-68	31	1422840914	1
15	11	11	-68	31	1422840914	2
15	11	11	-68	31	1422840914	3
15	11	11	-68	31	1422840914	4
15	11	11	-68	31	1422840914	5
15	11	11	-68	31	1422840914	6
15	11	11	-68	31	1422840914	7
15	11	11	-68	31	1422840914	8
15	11	11	-68	31	1422840914	9
146	11	11	-71	31	1422840914	0
146	11	11	-71	31	1422840914	1
146	11	11	-71	31	1422840914	2
146	11	11	-71	31	1422840914	3
146	11	11	-71	31	1422840914	4
146	11	11	-71	31	1422840914	5
146	11	11	-71	31	1422840914	6
146	11	11	-71	31	1422840914	7
146	11	11	-71	31	1422840914	8
146	11	11	-71	31	1422840914	9
154	11	11	-79	31	1422840914	0
154	11	11	-79	31	1422840914	1
154	11	11	-80	31	1422840914	2
154	11	11	-79	31	1422840914	3
154	11	11	-79	31	1422840914	4
154	11	11	-79	31	1422840914	5
154	11	11	-79	31	1422840914	6
154	11	11	-79	31	1422840914	7
154	11	11	-79	31	1422840914	8
154	11	11	-79	31	1422840914	9
15	148	12	-64	31	1422840916	0
15	148	12	-63	31	1422840916	1
15	148	12	-64	31	1422840916	2
15	148	12	-63	31	1422840916	3
15	148	12	-64	31	1422840916	4
15	148	12	-64	31	1422840916	5
15	148	12	-64	31	1422840916	6
15	148	12	-63	31	1422840916	7
15	148	12	-64	31	1422840916	8
15	148	12	-64	31	1422840916	9
146	148	12	-72	31	1422840916	0
146	148	12	-73	31	1422840916	1
146	148	12	-73	31	1422840916	2
146	148	12	-73	31	1422840916	3
146	148	12	-73	31	1422840916	4
146	148	12	-74	31	1422840916	5
146	148	12	-72	31	1422840916	6
146	148	12	-72	31	1422840916	7
146	148	12	-74	31	1422840916	8
146	148	12	-74	31	1422840916	9
154	148	12	-64	31	1422840916	0
154	148	12	-64	31	1422840916	1
154	148	12	-64	31	1422840916	2
154	148	12	-64	31	1422840916	3
154	148	12	-64	31	1422840916	4
154	148	12	-64	31	1422840916	5
154	148	12	-64	31	1422840916	6
154	148	12	-64	31	1422840916	7
154	148	12	-64	31	1422840916	8
154	148	12	-64	31	1422840916	9
11	148	12	-60	31	1422840916	0
11	148	12	-60	31	1422840916	1
11	148	12	-60	31	1422840916	2
11	148	12	-60	31	1422840916	3
11	148	12	-60	31	1422840916	4
11	148	12	-60	31	1422840916	5
11	148	12	-60	31	1422840916	6
11	148	12	-60	31	1422840916	7
11	148	12	-60	31	1422840916	8
11	148	12	-60	31	1422840916	9
148	15	12	-61	31	1422840916	0
148	15	12	-61	31	1422840916	1
148	15	12	-60	31	1422840916	2
148	15	12	-61	31	1422840916	3
148	15	12	-60	31	1422840916	4
148	15	12	-60	31	1422840916	5
148	15	12	-60	31	1422840916	6
148	15	12	-60	31	1422840916	7
148	15	12	-60	31	1422840916	8
148	15	12	-60	31	1422840916	9
146	15	12	-55	31	1422840916	0
146	15	12	-55	31	1422840916	1
146	15	12	-55	31	1422840916	2
146	15	12	-55	31	1422840916	3
146	15	12	-55	31	1422840916	4
146	15	12	-55	31	1422840916	5
146	15	12	-55	31	1422840916	6
146	15	12	-55	31	1422840916	7
146	15	12	-55	31	1422840916	8
146	15	12	-55	31	1422840916	9
154	15	12	-74	31	1422840916	0
154	15	12	-74	31	1422840916	1
154	15	12	-74	31	1422840916	2
154	15	12	-74	31	1422840916	3
154	15	12	-74	31	1422840916	4
154	15	12	-74	31	1422840916	5
154	15	12	-74	31	1422840916	6
154	15	12	-74	31	1422840916	7
154	15	12	-74	31	1422840916	8
154	15	12	-74	31	1422840916	9
11	15	12	-65	31	1422840916	0
11	15	12	-66	31	1422840916	1
11	15	12	-65	31	1422840916	2
11	15	12	-66	31	1422840916	3
11	15	12	-66	31	1422840916	4
11	15	12	-66	31	1422840916	5
11	15	12	-66	31	1422840916	6
11	15	12	-65	31	1422840916	7
11	15	12	-66	31	1422840916	8
11	15	12	-66	31	1422840916	9
148	146	12	-74	31	1422840920	0
148	146	12	-74	31	1422840920	1
148	146	12	-74	31	1422840920	2
148	146	12	-74	31	1422840920	3
148	146	12	-74	31	1422840920	4
148	146	12	-74	31	1422840920	5
148	146	12	-74	31	1422840920	6
148	146	12	-74	31	1422840920	7
148	146	12	-74	31	1422840920	8
148	146	12	-74	31	1422840920	9
15	146	12	-55	31	1422840920	0
15	146	12	-55	31	1422840920	1
15	146	12	-55	31	1422840920	2
15	146	12	-55	31	1422840920	3
15	146	12	-55	31	1422840920	4
15	146	12	-55	31	1422840920	5
15	146	12	-55	31	1422840920	6
15	146	12	-55	31	1422840920	7
15	146	12	-55	31	1422840920	8
15	146	12	-55	31	1422840920	9
154	146	12	-83	31	1422840920	0
154	146	12	-83	31	1422840920	1
154	146	12	-83	31	1422840920	2
154	146	12	-83	31	1422840920	3
154	146	12	-83	31	1422840920	4
154	146	12	-83	31	1422840920	5
154	146	12	-83	31	1422840920	6
154	146	12	-83	31	1422840920	8
11	146	12	-76	31	1422840920	0
11	146	12	-76	31	1422840920	2
11	146	12	-76	31	1422840920	4
11	146	12	-76	31	1422840920	5
11	146	12	-76	31	1422840920	7
11	146	12	-76	31	1422840920	9
148	154	12	-66	31	1422840921	0
148	154	12	-66	31	1422840921	1
148	154	12	-66	31	1422840921	2
148	154	12	-66	31	1422840921	3
148	154	12	-66	31	1422840921	4
148	154	12	-66	31	1422840921	5
148	154	12	-66	31	1422840921	6
148	154	12	-66	31	1422840921	7
148	154	12	-66	31	1422840921	8
148	154	12	-66	31	1422840921	9
15	154	12	-80	31	1422840921	0
15	154	12	-80	31	1422840921	1
15	154	12	-80	31	1422840921	2
15	154	12	-80	31	1422840921	3
15	154	12	-80	31	1422840921	4
15	154	12	-80	31	1422840921	5
15	154	12	-80	31	1422840921	6
15	154	12	-80	31	1422840921	7
15	154	12	-80	31	1422840921	8
15	154	12	-80	31	1422840921	9
146	154	12	-85	31	1422840921	0
146	154	12	-86	31	1422840921	1
146	154	12	-85	31	1422840921	2
146	154	12	-85	31	1422840921	3
146	154	12	-86	31	1422840921	4
146	154	12	-85	31	1422840921	5
146	154	12	-85	31	1422840921	6
146	154	12	-85	31	1422840921	7
146	154	12	-85	31	1422840921	8
146	154	12	-85	31	1422840921	9
11	154	12	-87	31	1422840921	0
11	154	12	-87	31	1422840921	1
11	154	12	-87	31	1422840921	2
11	154	12	-88	31	1422840921	3
11	154	12	-88	31	1422840921	4
11	154	12	-87	31	1422840921	5
11	154	12	-88	31	1422840921	6
11	154	12	-88	31	1422840921	7
11	154	12	-87	31	1422840921	8
11	154	12	-89	31	1422840921	9
148	11	12	-58	31	1422840924	0
148	11	12	-56	31	1422840924	1
148	11	12	-56	31	1422840924	2
148	11	12	-56	31	1422840924	3
148	11	12	-58	31	1422840924	4
148	11	12	-58	31	1422840924	5
148	11	12	-56	31	1422840924	6
148	11	12	-58	31	1422840924	7
148	11	12	-58	31	1422840924	8
148	11	12	-56	31	1422840924	9
15	11	12	-67	31	1422840924	0
15	11	12	-67	31	1422840924	1
15	11	12	-67	31	1422840924	2
15	11	12	-67	31	1422840924	3
15	11	12	-66	31	1422840924	4
15	11	12	-67	31	1422840924	5
15	11	12	-67	31	1422840924	6
15	11	12	-67	31	1422840924	7
15	11	12	-67	31	1422840924	8
15	11	12	-67	31	1422840924	9
146	11	12	-73	31	1422840924	0
146	11	12	-73	31	1422840924	1
146	11	12	-72	31	1422840924	2
146	11	12	-73	31	1422840924	4
146	11	12	-73	31	1422840924	5
146	11	12	-73	31	1422840924	7
146	11	12	-73	31	1422840924	8
146	11	12	-73	31	1422840924	9
154	11	12	-83	31	1422840924	0
154	11	12	-82	31	1422840924	1
154	11	12	-82	31	1422840924	2
154	11	12	-82	31	1422840924	3
154	11	12	-82	31	1422840924	4
154	11	12	-82	31	1422840924	5
154	11	12	-82	31	1422840924	6
154	11	12	-83	31	1422840924	7
154	11	12	-82	31	1422840924	8
154	11	12	-82	31	1422840924	9
15	148	13	-64	31	1422840926	0
15	148	13	-64	31	1422840926	1
15	148	13	-64	31	1422840926	2
15	148	13	-64	31	1422840926	3
15	148	13	-64	31	1422840926	4
15	148	13	-64	31	1422840926	5
15	148	13	-64	31	1422840926	6
15	148	13	-65	31	1422840926	7
15	148	13	-64	31	1422840926	8
15	148	13	-64	31	1422840926	9
146	148	13	-71	31	1422840926	0
146	148	13	-71	31	1422840926	1
146	148	13	-71	31	1422840926	2
146	148	13	-72	31	1422840926	3
146	148	13	-71	31	1422840926	4
146	148	13	-71	31	1422840926	5
146	148	13	-71	31	1422840926	6
146	148	13	-71	31	1422840926	7
146	148	13	-71	31	1422840926	8
146	148	13	-72	31	1422840926	9
154	148	13	-62	31	1422840926	0
154	148	13	-62	31	1422840926	1
154	148	13	-62	31	1422840926	2
154	148	13	-62	31	1422840926	3
154	148	13	-62	31	1422840926	4
154	148	13	-62	31	1422840926	5
154	148	13	-62	31	1422840926	6
154	148	13	-62	31	1422840926	7
154	148	13	-62	31	1422840926	8
154	148	13	-62	31	1422840926	9
11	148	13	-60	31	1422840926	0
11	148	13	-60	31	1422840926	1
11	148	13	-60	31	1422840926	2
11	148	13	-60	31	1422840926	3
11	148	13	-60	31	1422840926	4
11	148	13	-60	31	1422840926	5
11	148	13	-60	31	1422840926	6
11	148	13	-60	31	1422840926	7
11	148	13	-60	31	1422840926	8
11	148	13	-60	31	1422840926	9
148	15	13	-60	31	1422840926	0
148	15	13	-61	31	1422840926	1
148	15	13	-60	31	1422840926	2
148	15	13	-60	31	1422840926	3
148	15	13	-61	31	1422840926	4
148	15	13	-60	31	1422840926	5
148	15	13	-61	31	1422840926	6
148	15	13	-61	31	1422840926	7
148	15	13	-61	31	1422840926	8
148	15	13	-61	31	1422840926	9
146	15	13	-56	31	1422840926	0
146	15	13	-56	31	1422840926	1
146	15	13	-55	31	1422840926	2
146	15	13	-56	31	1422840926	3
146	15	13	-55	31	1422840926	4
146	15	13	-56	31	1422840926	5
146	15	13	-56	31	1422840926	6
146	15	13	-56	31	1422840926	7
146	15	13	-56	31	1422840926	8
146	15	13	-56	31	1422840926	9
154	15	13	-75	31	1422840926	0
154	15	13	-75	31	1422840926	1
154	15	13	-75	31	1422840926	2
154	15	13	-75	31	1422840926	3
154	15	13	-75	31	1422840926	4
154	15	13	-75	31	1422840926	5
154	15	13	-75	31	1422840926	6
154	15	13	-75	31	1422840926	7
154	15	13	-75	31	1422840926	8
154	15	13	-75	31	1422840926	9
11	15	13	-66	31	1422840926	0
11	15	13	-66	31	1422840926	1
11	15	13	-66	31	1422840926	2
11	15	13	-66	31	1422840926	3
11	15	13	-66	31	1422840926	4
11	15	13	-66	31	1422840926	5
11	15	13	-66	31	1422840926	6
11	15	13	-65	31	1422840926	7
11	15	13	-66	31	1422840926	8
11	15	13	-66	31	1422840926	9
148	146	13	-71	31	1422840930	0
148	146	13	-71	31	1422840930	1
148	146	13	-71	31	1422840930	2
148	146	13	-71	31	1422840930	3
148	146	13	-72	31	1422840930	4
148	146	13	-72	31	1422840930	5
148	146	13	-71	31	1422840930	6
148	146	13	-71	31	1422840930	7
148	146	13	-72	31	1422840930	8
148	146	13	-71	31	1422840930	9
15	146	13	-55	31	1422840930	0
15	146	13	-55	31	1422840930	1
15	146	13	-58	31	1422840930	2
15	146	13	-55	31	1422840930	3
15	146	13	-55	31	1422840930	4
15	146	13	-55	31	1422840930	5
15	146	13	-55	31	1422840930	6
15	146	13	-55	31	1422840930	7
15	146	13	-55	31	1422840930	8
15	146	13	-55	31	1422840930	9
154	146	13	-77	31	1422840930	0
154	146	13	-77	31	1422840930	1
154	146	13	-77	31	1422840930	2
154	146	13	-76	31	1422840930	3
154	146	13	-77	31	1422840930	4
154	146	13	-77	31	1422840930	5
154	146	13	-77	31	1422840930	6
154	146	13	-77	31	1422840930	7
154	146	13	-77	31	1422840930	8
154	146	13	-77	31	1422840930	9
11	146	13	-83	31	1422840930	0
11	146	13	-83	31	1422840930	1
11	146	13	-83	31	1422840930	2
11	146	13	-83	31	1422840930	4
11	146	13	-83	31	1422840930	6
11	146	13	-83	31	1422840930	8
148	154	13	-64	31	1422840931	0
148	154	13	-64	31	1422840931	1
148	154	13	-65	31	1422840931	2
148	154	13	-64	31	1422840931	3
148	154	13	-64	31	1422840931	4
148	154	13	-64	31	1422840931	5
148	154	13	-65	31	1422840931	6
148	154	13	-64	31	1422840931	7
148	154	13	-64	31	1422840931	8
148	154	13	-64	31	1422840931	9
15	154	13	-81	31	1422840931	0
15	154	13	-81	31	1422840931	1
15	154	13	-81	31	1422840931	2
15	154	13	-81	31	1422840931	3
15	154	13	-81	31	1422840931	4
15	154	13	-81	31	1422840931	5
15	154	13	-81	31	1422840931	6
15	154	13	-81	31	1422840931	7
15	154	13	-81	31	1422840931	8
15	154	13	-81	31	1422840931	9
146	154	13	-78	31	1422840931	0
146	154	13	-78	31	1422840931	1
146	154	13	-78	31	1422840931	2
146	154	13	-78	31	1422840931	3
146	154	13	-78	31	1422840931	4
146	154	13	-78	31	1422840931	5
146	154	13	-78	31	1422840931	6
146	154	13	-78	31	1422840931	7
146	154	13	-78	31	1422840931	8
146	154	13	-78	31	1422840931	9
11	154	13	-76	31	1422840931	0
11	154	13	-77	31	1422840931	1
11	154	13	-77	31	1422840931	2
11	154	13	-76	31	1422840931	3
11	154	13	-76	31	1422840931	4
11	154	13	-76	31	1422840931	5
11	154	13	-76	31	1422840931	6
11	154	13	-76	31	1422840931	7
11	154	13	-76	31	1422840931	8
11	154	13	-76	31	1422840931	9
148	11	13	-58	31	1422840934	0
148	11	13	-58	31	1422840934	1
148	11	13	-56	31	1422840934	2
148	11	13	-56	31	1422840934	3
148	11	13	-58	31	1422840934	4
148	11	13	-58	31	1422840934	5
148	11	13	-58	31	1422840934	6
148	11	13	-56	31	1422840934	7
148	11	13	-58	31	1422840934	8
148	11	13	-58	31	1422840934	9
15	11	13	-67	31	1422840934	0
15	11	13	-67	31	1422840934	1
15	11	13	-67	31	1422840934	2
15	11	13	-67	31	1422840934	3
15	11	13	-67	31	1422840934	4
15	11	13	-67	31	1422840934	5
15	11	13	-67	31	1422840934	6
15	11	13	-67	31	1422840934	7
15	11	13	-67	31	1422840934	8
15	11	13	-67	31	1422840934	9
146	11	13	-80	31	1422840934	0
146	11	13	-80	31	1422840934	1
146	11	13	-80	31	1422840934	3
146	11	13	-80	31	1422840934	4
146	11	13	-80	31	1422840934	5
146	11	13	-80	31	1422840934	6
146	11	13	-80	31	1422840934	7
146	11	13	-81	31	1422840934	8
146	11	13	-80	31	1422840934	9
154	11	13	-72	31	1422840934	0
154	11	13	-71	31	1422840934	1
154	11	13	-71	31	1422840934	2
154	11	13	-72	31	1422840934	3
154	11	13	-72	31	1422840934	4
154	11	13	-71	31	1422840934	5
154	11	13	-72	31	1422840934	6
154	11	13	-72	31	1422840934	7
154	11	13	-72	31	1422840934	8
154	11	13	-72	31	1422840934	9
15	148	14	-66	31	1422840936	0
15	148	14	-66	31	1422840936	1
15	148	14	-66	31	1422840936	2
15	148	14	-66	31	1422840936	3
15	148	14	-66	31	1422840936	4
15	148	14	-66	31	1422840936	5
15	148	14	-66	31	1422840936	6
15	148	14	-66	31	1422840936	7
15	148	14	-66	31	1422840936	8
15	148	14	-66	31	1422840936	9
146	148	14	-74	31	1422840936	0
146	148	14	-75	31	1422840936	1
146	148	14	-74	31	1422840936	2
146	148	14	-75	31	1422840936	3
146	148	14	-75	31	1422840936	4
146	148	14	-75	31	1422840936	5
146	148	14	-74	31	1422840936	6
146	148	14	-74	31	1422840936	7
146	148	14	-75	31	1422840936	8
146	148	14	-75	31	1422840936	9
154	148	14	-62	31	1422840936	0
154	148	14	-62	31	1422840936	1
154	148	14	-62	31	1422840936	2
154	148	14	-62	31	1422840936	3
154	148	14	-62	31	1422840936	4
154	148	14	-62	31	1422840936	5
154	148	14	-62	31	1422840936	6
154	148	14	-62	31	1422840936	7
154	148	14	-62	31	1422840936	8
154	148	14	-62	31	1422840936	9
11	148	14	-64	31	1422840936	0
11	148	14	-64	31	1422840936	1
11	148	14	-64	31	1422840936	2
11	148	14	-64	31	1422840936	3
11	148	14	-64	31	1422840936	4
11	148	14	-64	31	1422840936	5
11	148	14	-64	31	1422840936	6
11	148	14	-64	31	1422840936	7
11	148	14	-64	31	1422840936	8
11	148	14	-64	31	1422840936	9
148	15	14	-62	31	1422840936	0
148	15	14	-62	31	1422840936	1
148	15	14	-62	31	1422840936	2
148	15	14	-62	31	1422840936	3
148	15	14	-62	31	1422840936	4
148	15	14	-62	31	1422840936	5
148	15	14	-62	31	1422840936	6
148	15	14	-62	31	1422840936	7
148	15	14	-62	31	1422840936	8
148	15	14	-62	31	1422840936	9
146	15	14	-55	31	1422840936	0
146	15	14	-56	31	1422840936	1
146	15	14	-55	31	1422840936	2
146	15	14	-55	31	1422840936	3
146	15	14	-56	31	1422840936	4
146	15	14	-55	31	1422840936	5
146	15	14	-56	31	1422840936	6
146	15	14	-56	31	1422840936	7
146	15	14	-56	31	1422840936	8
146	15	14	-55	31	1422840936	9
154	15	14	-73	31	1422840936	0
154	15	14	-73	31	1422840936	1
154	15	14	-73	31	1422840936	2
154	15	14	-74	31	1422840936	3
154	15	14	-74	31	1422840936	4
154	15	14	-74	31	1422840936	5
154	15	14	-74	31	1422840936	6
154	15	14	-74	31	1422840936	7
154	15	14	-74	31	1422840936	8
154	15	14	-74	31	1422840936	9
11	15	14	-69	31	1422840936	0
11	15	14	-70	31	1422840936	1
11	15	14	-69	31	1422840936	2
11	15	14	-69	31	1422840936	3
11	15	14	-70	31	1422840936	4
11	15	14	-70	31	1422840936	5
11	15	14	-70	31	1422840936	6
11	15	14	-69	31	1422840936	7
11	15	14	-70	31	1422840936	8
11	15	14	-70	31	1422840936	9
148	146	14	-76	31	1422840940	0
148	146	14	-75	31	1422840940	1
148	146	14	-75	31	1422840940	2
148	146	14	-75	31	1422840940	3
148	146	14	-75	31	1422840940	4
148	146	14	-75	31	1422840940	5
148	146	14	-75	31	1422840940	6
148	146	14	-75	31	1422840940	7
148	146	14	-75	31	1422840940	8
148	146	14	-75	31	1422840940	9
15	146	14	-55	31	1422840940	0
15	146	14	-55	31	1422840940	1
15	146	14	-55	31	1422840940	2
15	146	14	-55	31	1422840940	3
15	146	14	-55	31	1422840940	4
15	146	14	-55	31	1422840940	5
15	146	14	-55	31	1422840940	6
15	146	14	-55	31	1422840940	7
15	146	14	-55	31	1422840940	8
15	146	14	-55	31	1422840940	9
154	146	14	-76	31	1422840940	0
154	146	14	-76	31	1422840940	2
154	146	14	-76	31	1422840940	3
154	146	14	-76	31	1422840940	4
154	146	14	-76	31	1422840940	6
154	146	14	-76	31	1422840940	8
11	146	14	-74	31	1422840940	0
11	146	14	-75	31	1422840940	3
11	146	14	-74	31	1422840940	5
11	146	14	-75	31	1422840940	7
11	146	14	-74	31	1422840940	9
148	154	14	-64	31	1422840940	0
148	154	14	-64	31	1422840941	1
148	154	14	-64	31	1422840941	2
148	154	14	-64	31	1422840941	3
148	154	14	-64	31	1422840941	4
148	154	14	-64	31	1422840941	5
148	154	14	-64	31	1422840941	6
148	154	14	-64	31	1422840941	7
148	154	14	-64	31	1422840941	8
148	154	14	-64	31	1422840941	9
15	154	14	-80	31	1422840941	0
15	154	14	-80	31	1422840941	1
15	154	14	-79	31	1422840941	2
15	154	14	-80	31	1422840941	3
15	154	14	-79	31	1422840941	4
15	154	14	-79	31	1422840941	5
15	154	14	-79	31	1422840941	6
15	154	14	-79	31	1422840941	7
15	154	14	-80	31	1422840941	8
15	154	14	-79	31	1422840941	9
146	154	14	-78	31	1422840941	0
146	154	14	-78	31	1422840941	1
146	154	14	-78	31	1422840941	2
146	154	14	-78	31	1422840941	3
146	154	14	-78	31	1422840941	4
146	154	14	-78	31	1422840941	5
146	154	14	-78	31	1422840941	6
146	154	14	-78	31	1422840941	7
146	154	14	-78	31	1422840941	8
146	154	14	-78	31	1422840941	9
11	154	14	-76	31	1422840941	0
11	154	14	-76	31	1422840941	1
11	154	14	-75	31	1422840941	2
11	154	14	-75	31	1422840941	3
11	154	14	-75	31	1422840941	4
11	154	14	-75	31	1422840941	5
11	154	14	-75	31	1422840941	6
11	154	14	-75	31	1422840941	7
11	154	14	-75	31	1422840941	8
11	154	14	-75	31	1422840941	9
148	11	14	-62	31	1422840941	0
148	11	14	-62	31	1422840941	1
148	11	14	-62	31	1422840941	2
148	11	14	-62	31	1422840941	3
148	11	14	-62	31	1422840941	4
148	11	14	-62	31	1422840941	5
148	11	14	-62	31	1422840941	6
148	11	14	-62	31	1422840941	7
148	11	14	-62	31	1422840941	8
148	11	14	-62	31	1422840941	9
15	11	14	-71	31	1422840941	0
15	11	14	-71	31	1422840941	1
15	11	14	-71	31	1422840941	2
15	11	14	-71	31	1422840941	3
15	11	14	-71	31	1422840941	4
15	11	14	-71	31	1422840941	5
15	11	14	-71	31	1422840941	6
15	11	14	-71	31	1422840941	7
15	11	14	-71	31	1422840941	8
15	11	14	-71	31	1422840941	9
146	11	14	-71	31	1422840941	0
146	11	14	-70	31	1422840941	1
146	11	14	-71	31	1422840941	2
146	11	14	-70	31	1422840941	3
146	11	14	-71	31	1422840941	4
146	11	14	-71	31	1422840941	5
146	11	14	-70	31	1422840941	6
146	11	14	-70	31	1422840941	7
146	11	14	-71	31	1422840941	8
146	11	14	-70	31	1422840941	9
154	11	14	-70	31	1422840941	0
154	11	14	-70	31	1422840941	1
154	11	14	-70	31	1422840941	2
154	11	14	-70	31	1422840941	3
154	11	14	-70	31	1422840941	4
154	11	14	-70	31	1422840941	5
154	11	14	-70	31	1422840941	6
154	11	14	-70	31	1422840941	7
154	11	14	-70	31	1422840941	8
154	11	14	-71	31	1422840941	9
15	148	15	-71	31	1422840943	0
15	148	15	-70	31	1422840943	1
15	148	15	-70	31	1422840943	2
15	148	15	-71	31	1422840943	3
15	148	15	-70	31	1422840943	4
15	148	15	-70	31	1422840943	5
15	148	15	-70	31	1422840943	6
15	148	15	-70	31	1422840943	7
15	148	15	-70	31	1422840943	8
15	148	15	-70	31	1422840943	9
146	148	15	-69	31	1422840943	0
146	148	15	-69	31	1422840943	1
146	148	15	-69	31	1422840943	2
146	148	15	-69	31	1422840943	3
146	148	15	-69	31	1422840943	4
146	148	15	-69	31	1422840943	5
146	148	15	-69	31	1422840943	6
146	148	15	-69	31	1422840943	7
146	148	15	-69	31	1422840943	8
146	148	15	-69	31	1422840943	9
154	148	15	-64	31	1422840943	0
154	148	15	-64	31	1422840943	1
154	148	15	-64	31	1422840943	2
154	148	15	-63	31	1422840943	3
154	148	15	-64	31	1422840943	4
154	148	15	-63	31	1422840943	5
154	148	15	-64	31	1422840943	6
154	148	15	-64	31	1422840943	7
154	148	15	-63	31	1422840943	8
154	148	15	-64	31	1422840943	9
11	148	15	-62	31	1422840943	0
11	148	15	-62	31	1422840943	1
11	148	15	-62	31	1422840943	2
11	148	15	-62	31	1422840943	3
11	148	15	-62	31	1422840943	4
11	148	15	-62	31	1422840943	5
11	148	15	-62	31	1422840943	6
11	148	15	-62	31	1422840943	7
11	148	15	-62	31	1422840943	8
11	148	15	-62	31	1422840943	9
148	15	15	-66	31	1422840943	0
148	15	15	-66	31	1422840943	1
148	15	15	-66	31	1422840943	2
148	15	15	-66	31	1422840943	3
148	15	15	-66	31	1422840943	4
148	15	15	-66	31	1422840943	5
148	15	15	-66	31	1422840943	6
148	15	15	-66	31	1422840943	7
148	15	15	-66	31	1422840943	8
148	15	15	-66	31	1422840943	9
146	15	15	-55	31	1422840943	0
146	15	15	-55	31	1422840943	1
146	15	15	-55	31	1422840943	2
146	15	15	-55	31	1422840943	3
146	15	15	-55	31	1422840943	4
146	15	15	-55	31	1422840943	5
146	15	15	-55	31	1422840943	6
146	15	15	-55	31	1422840943	7
146	15	15	-55	31	1422840943	8
146	15	15	-55	31	1422840943	9
154	15	15	-83	31	1422840943	0
154	15	15	-82	31	1422840943	1
154	15	15	-83	31	1422840943	2
154	15	15	-82	31	1422840943	3
154	15	15	-82	31	1422840943	4
154	15	15	-82	31	1422840943	5
154	15	15	-82	31	1422840943	6
154	15	15	-82	31	1422840943	7
154	15	15	-82	31	1422840943	8
154	15	15	-82	31	1422840943	9
11	15	15	-66	31	1422840943	0
11	15	15	-66	31	1422840943	1
11	15	15	-66	31	1422840943	2
11	15	15	-66	31	1422840943	3
11	15	15	-66	31	1422840943	4
11	15	15	-66	31	1422840943	5
11	15	15	-66	31	1422840943	6
11	15	15	-66	31	1422840943	7
11	15	15	-66	31	1422840943	8
11	15	15	-66	31	1422840943	9
148	146	15	-70	31	1422840947	0
148	146	15	-70	31	1422840947	1
148	146	15	-70	31	1422840947	2
148	146	15	-70	31	1422840947	3
148	146	15	-70	31	1422840947	4
148	146	15	-70	31	1422840947	5
148	146	15	-69	31	1422840947	6
148	146	15	-70	31	1422840947	7
148	146	15	-70	31	1422840947	8
148	146	15	-70	31	1422840947	9
15	146	15	-54	31	1422840947	0
15	146	15	-54	31	1422840947	1
15	146	15	-54	31	1422840947	2
15	146	15	-54	31	1422840947	3
15	146	15	-54	31	1422840947	4
15	146	15	-54	31	1422840947	5
15	146	15	-54	31	1422840947	6
15	146	15	-54	31	1422840947	7
15	146	15	-54	31	1422840947	8
15	146	15	-54	31	1422840947	9
154	146	15	-77	31	1422840947	0
154	146	15	-77	31	1422840947	1
154	146	15	-77	31	1422840947	2
154	146	15	-77	31	1422840947	3
154	146	15	-77	31	1422840947	4
154	146	15	-77	31	1422840947	5
154	146	15	-77	31	1422840947	6
154	146	15	-77	31	1422840947	7
154	146	15	-77	31	1422840947	9
11	146	15	-70	31	1422840947	0
11	146	15	-70	31	1422840947	1
11	146	15	-70	31	1422840947	3
11	146	15	-70	31	1422840947	4
11	146	15	-70	31	1422840947	6
11	146	15	-70	31	1422840947	8
11	146	15	-70	31	1422840947	9
148	154	15	-66	31	1422840947	0
148	154	15	-66	31	1422840948	1
148	154	15	-66	31	1422840948	2
148	154	15	-66	31	1422840948	3
148	154	15	-66	31	1422840948	4
148	154	15	-66	31	1422840948	5
148	154	15	-66	31	1422840948	6
148	154	15	-66	31	1422840948	7
148	154	15	-66	31	1422840948	8
148	154	15	-66	31	1422840948	9
15	154	15	-90	31	1422840948	0
15	154	15	-90	31	1422840948	1
15	154	15	-91	31	1422840948	2
15	154	15	-90	31	1422840948	3
15	154	15	-90	31	1422840948	4
15	154	15	-90	31	1422840948	5
15	154	15	-90	31	1422840948	6
15	154	15	-90	31	1422840948	7
15	154	15	-90	31	1422840948	8
15	154	15	-90	31	1422840948	9
146	154	15	-79	31	1422840948	0
146	154	15	-79	31	1422840948	1
146	154	15	-79	31	1422840948	2
146	154	15	-79	31	1422840948	3
146	154	15	-79	31	1422840948	4
146	154	15	-79	31	1422840948	5
146	154	15	-79	31	1422840948	6
146	154	15	-79	31	1422840948	7
146	154	15	-79	31	1422840948	8
146	154	15	-79	31	1422840948	9
11	154	15	-78	31	1422840948	0
11	154	15	-79	31	1422840948	1
11	154	15	-78	31	1422840948	2
11	154	15	-78	31	1422840948	3
11	154	15	-78	31	1422840948	4
11	154	15	-78	31	1422840948	5
11	154	15	-78	31	1422840948	6
11	154	15	-78	31	1422840948	7
11	154	15	-78	31	1422840948	8
11	154	15	-78	31	1422840948	9
148	11	15	-61	31	1422840948	0
148	11	15	-60	31	1422840948	1
148	11	15	-60	31	1422840948	2
148	11	15	-60	31	1422840948	3
148	11	15	-60	31	1422840948	4
148	11	15	-60	31	1422840948	5
148	11	15	-60	31	1422840948	6
148	11	15	-60	31	1422840948	7
148	11	15	-60	31	1422840948	8
148	11	15	-60	31	1422840948	9
15	11	15	-67	31	1422840948	0
15	11	15	-67	31	1422840948	1
15	11	15	-67	31	1422840948	2
15	11	15	-67	31	1422840948	3
15	11	15	-67	31	1422840948	4
15	11	15	-67	31	1422840948	5
15	11	15	-67	31	1422840948	6
15	11	15	-67	31	1422840948	7
15	11	15	-67	31	1422840948	8
15	11	15	-67	31	1422840948	9
146	11	15	-67	31	1422840948	0
146	11	15	-66	31	1422840948	1
146	11	15	-67	31	1422840948	2
146	11	15	-67	31	1422840948	3
146	11	15	-66	31	1422840948	4
146	11	15	-66	31	1422840948	5
146	11	15	-67	31	1422840948	6
146	11	15	-67	31	1422840948	7
146	11	15	-67	31	1422840948	8
146	11	15	-67	31	1422840948	9
154	11	15	-74	31	1422840948	0
154	11	15	-74	31	1422840948	1
154	11	15	-74	31	1422840948	2
154	11	15	-74	31	1422840948	3
154	11	15	-74	31	1422840948	4
154	11	15	-74	31	1422840948	5
154	11	15	-74	31	1422840948	6
154	11	15	-74	31	1422840948	7
154	11	15	-74	31	1422840948	8
154	11	15	-74	31	1422840948	9
15	148	16	-72	31	1422840950	0
15	148	16	-73	31	1422840950	1
15	148	16	-73	31	1422840950	2
15	148	16	-72	31	1422840950	3
15	148	16	-72	31	1422840950	4
15	148	16	-72	31	1422840950	5
15	148	16	-73	31	1422840950	6
15	148	16	-73	31	1422840950	7
15	148	16	-72	31	1422840950	8
15	148	16	-72	31	1422840950	9
146	148	16	-65	31	1422840950	0
146	148	16	-65	31	1422840950	1
146	148	16	-66	31	1422840950	2
146	148	16	-66	31	1422840950	3
146	148	16	-66	31	1422840950	4
146	148	16	-66	31	1422840950	5
146	148	16	-65	31	1422840950	6
146	148	16	-66	31	1422840950	7
146	148	16	-65	31	1422840950	8
146	148	16	-66	31	1422840950	9
154	148	16	-67	31	1422840950	0
154	148	16	-67	31	1422840950	1
154	148	16	-67	31	1422840950	2
154	148	16	-66	31	1422840950	3
154	148	16	-67	31	1422840950	4
154	148	16	-67	31	1422840950	5
154	148	16	-67	31	1422840950	6
154	148	16	-67	31	1422840950	7
154	148	16	-67	31	1422840950	8
154	148	16	-67	31	1422840950	9
11	148	16	-62	31	1422840950	0
11	148	16	-62	31	1422840950	1
11	148	16	-62	31	1422840950	2
11	148	16	-62	31	1422840950	3
11	148	16	-62	31	1422840950	4
11	148	16	-62	31	1422840950	5
11	148	16	-62	31	1422840950	6
11	148	16	-62	31	1422840950	7
11	148	16	-62	31	1422840950	8
11	148	16	-62	31	1422840950	9
148	15	16	-68	31	1422840953	0
148	15	16	-68	31	1422840954	1
148	15	16	-68	31	1422840954	2
148	15	16	-68	31	1422840954	3
148	15	16	-68	31	1422840954	4
148	15	16	-68	31	1422840954	5
148	15	16	-68	31	1422840954	6
148	15	16	-68	31	1422840954	7
148	15	16	-68	31	1422840954	8
148	15	16	-68	31	1422840954	9
146	15	16	-55	31	1422840954	0
146	15	16	-55	31	1422840954	1
146	15	16	-55	31	1422840954	2
146	15	16	-55	31	1422840954	3
146	15	16	-55	31	1422840954	4
146	15	16	-55	31	1422840954	5
146	15	16	-55	31	1422840954	6
146	15	16	-55	31	1422840954	7
146	15	16	-55	31	1422840954	8
146	15	16	-55	31	1422840954	9
154	15	16	-83	31	1422840954	0
154	15	16	-83	31	1422840954	1
154	15	16	-83	31	1422840954	2
154	15	16	-84	31	1422840954	3
154	15	16	-83	31	1422840954	4
154	15	16	-83	31	1422840954	6
154	15	16	-83	31	1422840954	7
154	15	16	-83	31	1422840954	8
154	15	16	-83	31	1422840954	9
11	15	16	-62	31	1422840954	0
11	15	16	-62	31	1422840954	1
11	15	16	-62	31	1422840954	2
11	15	16	-62	31	1422840954	3
11	15	16	-62	31	1422840954	4
11	15	16	-62	31	1422840954	5
11	15	16	-62	31	1422840954	6
11	15	16	-62	31	1422840954	7
11	15	16	-62	31	1422840954	8
11	15	16	-62	31	1422840954	9
148	146	16	-65	31	1422840957	0
148	146	16	-65	31	1422840957	1
148	146	16	-65	31	1422840957	2
148	146	16	-65	31	1422840957	3
148	146	16	-65	31	1422840957	4
148	146	16	-65	31	1422840957	5
148	146	16	-65	31	1422840957	6
148	146	16	-65	31	1422840957	7
148	146	16	-65	31	1422840957	8
148	146	16	-66	31	1422840957	9
15	146	16	-54	31	1422840957	0
15	146	16	-54	31	1422840957	1
15	146	16	-54	31	1422840957	2
15	146	16	-54	31	1422840957	3
15	146	16	-54	31	1422840957	4
15	146	16	-54	31	1422840957	5
15	146	16	-54	31	1422840957	6
15	146	16	-54	31	1422840957	7
15	146	16	-54	31	1422840957	8
15	146	16	-54	31	1422840957	9
154	146	16	-76	31	1422840957	0
154	146	16	-76	31	1422840957	1
154	146	16	-77	31	1422840957	2
154	146	16	-77	31	1422840957	3
154	146	16	-76	31	1422840957	4
154	146	16	-77	31	1422840957	6
154	146	16	-76	31	1422840957	8
154	146	16	-76	31	1422840957	9
11	146	16	-73	31	1422840957	0
11	146	16	-73	31	1422840957	2
11	146	16	-73	31	1422840957	3
11	146	16	-73	31	1422840957	5
11	146	16	-73	31	1422840957	7
148	154	16	-69	31	1422840958	0
148	154	16	-69	31	1422840958	1
148	154	16	-69	31	1422840958	2
148	154	16	-69	31	1422840958	3
148	154	16	-69	31	1422840958	4
148	154	16	-68	31	1422840958	5
148	154	16	-69	31	1422840958	6
148	154	16	-69	31	1422840958	7
148	154	16	-69	31	1422840958	8
148	154	16	-69	31	1422840958	9
15	154	16	-90	31	1422840958	0
15	154	16	-90	31	1422840958	1
15	154	16	-90	31	1422840958	2
15	154	16	-90	31	1422840958	3
15	154	16	-90	31	1422840958	4
15	154	16	-90	31	1422840958	5
15	154	16	-90	31	1422840958	6
15	154	16	-90	31	1422840958	7
15	154	16	-90	31	1422840958	8
15	154	16	-90	31	1422840958	9
146	154	16	-78	31	1422840958	0
146	154	16	-78	31	1422840958	1
146	154	16	-79	31	1422840958	2
146	154	16	-78	31	1422840958	3
146	154	16	-78	31	1422840958	4
146	154	16	-78	31	1422840958	5
146	154	16	-79	31	1422840958	6
146	154	16	-78	31	1422840958	7
146	154	16	-78	31	1422840958	8
146	154	16	-78	31	1422840958	9
11	154	16	-69	31	1422840958	0
11	154	16	-69	31	1422840958	1
11	154	16	-69	31	1422840958	2
11	154	16	-69	31	1422840958	3
11	154	16	-69	31	1422840958	4
11	154	16	-68	31	1422840958	5
11	154	16	-69	31	1422840958	6
11	154	16	-69	31	1422840958	7
11	154	16	-69	31	1422840958	8
11	154	16	-69	31	1422840958	9
148	11	16	-59	31	1422840958	0
148	11	16	-60	31	1422840958	1
148	11	16	-60	31	1422840958	2
148	11	16	-60	31	1422840958	3
148	11	16	-60	31	1422840958	4
148	11	16	-60	31	1422840958	5
148	11	16	-60	31	1422840958	6
148	11	16	-59	31	1422840958	7
148	11	16	-59	31	1422840958	8
148	11	16	-60	31	1422840958	9
15	11	16	-64	31	1422840958	0
15	11	16	-64	31	1422840958	1
15	11	16	-64	31	1422840958	2
15	11	16	-64	31	1422840958	3
15	11	16	-64	31	1422840958	4
15	11	16	-64	31	1422840958	5
15	11	16	-64	31	1422840958	6
15	11	16	-64	31	1422840958	7
15	11	16	-64	31	1422840958	8
15	11	16	-64	31	1422840958	9
146	11	16	-70	31	1422840958	0
146	11	16	-70	31	1422840958	1
146	11	16	-70	31	1422840958	2
146	11	16	-70	31	1422840958	3
146	11	16	-70	31	1422840958	4
146	11	16	-70	31	1422840958	5
146	11	16	-70	31	1422840958	6
146	11	16	-70	31	1422840958	7
146	11	16	-70	31	1422840958	8
146	11	16	-70	31	1422840958	9
154	11	16	-64	31	1422840958	0
154	11	16	-65	31	1422840958	1
154	11	16	-65	31	1422840958	2
154	11	16	-65	31	1422840958	3
154	11	16	-65	31	1422840958	4
154	11	16	-64	31	1422840958	5
154	11	16	-65	31	1422840958	6
154	11	16	-64	31	1422840958	7
154	11	16	-65	31	1422840958	8
154	11	16	-64	31	1422840958	9
15	148	17	-63	31	1422840960	0
15	148	17	-63	31	1422840960	1
15	148	17	-63	31	1422840960	2
15	148	17	-63	31	1422840960	3
15	148	17	-63	31	1422840960	4
15	148	17	-63	31	1422840960	5
15	148	17	-63	31	1422840960	6
15	148	17	-63	31	1422840960	7
15	148	17	-63	31	1422840960	8
15	148	17	-63	31	1422840960	9
146	148	17	-64	31	1422840960	0
146	148	17	-64	31	1422840960	1
146	148	17	-63	31	1422840960	2
146	148	17	-64	31	1422840960	3
146	148	17	-64	31	1422840960	4
146	148	17	-64	31	1422840960	5
146	148	17	-64	31	1422840960	6
146	148	17	-64	31	1422840960	7
146	148	17	-64	31	1422840960	8
146	148	17	-64	31	1422840960	9
154	148	17	-66	31	1422840960	0
154	148	17	-66	31	1422840960	1
154	148	17	-66	31	1422840960	2
154	148	17	-66	31	1422840960	3
154	148	17	-66	31	1422840960	4
154	148	17	-66	31	1422840960	5
154	148	17	-66	31	1422840960	6
154	148	17	-66	31	1422840960	7
154	148	17	-66	31	1422840960	8
154	148	17	-66	31	1422840960	9
11	148	17	-60	31	1422840960	0
11	148	17	-60	31	1422840960	1
11	148	17	-60	31	1422840960	2
11	148	17	-60	31	1422840960	3
11	148	17	-60	31	1422840960	4
11	148	17	-60	31	1422840960	5
11	148	17	-60	31	1422840960	6
11	148	17	-60	31	1422840960	7
11	148	17	-60	31	1422840960	8
11	148	17	-60	31	1422840960	9
148	15	17	-60	31	1422840964	0
148	15	17	-60	31	1422840964	1
148	15	17	-60	31	1422840964	2
148	15	17	-59	31	1422840964	3
148	15	17	-60	31	1422840964	4
148	15	17	-60	31	1422840964	5
148	15	17	-60	31	1422840964	6
148	15	17	-60	31	1422840964	7
148	15	17	-60	31	1422840964	8
148	15	17	-60	31	1422840964	9
146	15	17	-59	31	1422840964	0
146	15	17	-59	31	1422840964	1
146	15	17	-59	31	1422840964	2
146	15	17	-59	31	1422840964	3
146	15	17	-58	31	1422840964	4
146	15	17	-59	31	1422840964	5
146	15	17	-58	31	1422840964	6
146	15	17	-59	31	1422840964	7
146	15	17	-58	31	1422840964	8
146	15	17	-59	31	1422840964	9
154	15	17	-87	31	1422840964	1
154	15	17	-87	31	1422840964	2
154	15	17	-87	31	1422840964	3
154	15	17	-87	31	1422840964	4
154	15	17	-87	31	1422840964	5
154	15	17	-87	31	1422840964	6
154	15	17	-87	31	1422840964	7
154	15	17	-86	31	1422840964	8
154	15	17	-88	31	1422840964	9
11	15	17	-60	31	1422840964	0
11	15	17	-60	31	1422840964	1
11	15	17	-60	31	1422840964	2
11	15	17	-60	31	1422840964	3
11	15	17	-60	31	1422840964	4
11	15	17	-60	31	1422840964	5
11	15	17	-60	31	1422840964	6
11	15	17	-60	31	1422840964	7
11	15	17	-60	31	1422840964	8
11	15	17	-60	31	1422840964	9
148	146	17	-64	31	1422840967	0
148	146	17	-64	31	1422840967	1
148	146	17	-64	31	1422840967	2
148	146	17	-64	31	1422840967	3
148	146	17	-64	31	1422840967	4
148	146	17	-64	31	1422840967	5
148	146	17	-64	31	1422840967	6
148	146	17	-64	31	1422840967	7
148	146	17	-64	31	1422840967	8
148	146	17	-64	31	1422840967	9
15	146	17	-59	31	1422840967	0
15	146	17	-59	31	1422840967	1
15	146	17	-59	31	1422840967	2
15	146	17	-59	31	1422840967	3
15	146	17	-59	31	1422840967	4
15	146	17	-59	31	1422840967	5
15	146	17	-59	31	1422840967	6
15	146	17	-60	31	1422840967	7
15	146	17	-59	31	1422840967	8
15	146	17	-59	31	1422840967	9
154	146	17	-74	31	1422840967	0
154	146	17	-74	31	1422840967	1
154	146	17	-74	31	1422840967	2
154	146	17	-74	31	1422840967	3
154	146	17	-74	31	1422840967	4
154	146	17	-74	31	1422840967	5
154	146	17	-74	31	1422840967	6
154	146	17	-74	31	1422840967	8
11	146	17	-75	31	1422840967	0
11	146	17	-74	31	1422840967	2
11	146	17	-74	31	1422840967	3
11	146	17	-74	31	1422840967	5
11	146	17	-74	31	1422840967	6
11	146	17	-74	31	1422840967	8
148	154	17	-68	31	1422840971	0
148	154	17	-68	31	1422840971	1
148	154	17	-68	31	1422840971	2
148	154	17	-68	31	1422840971	3
148	154	17	-68	31	1422840971	4
148	154	17	-68	31	1422840971	5
148	154	17	-68	31	1422840971	6
148	154	17	-68	31	1422840971	7
148	154	17	-68	31	1422840971	8
148	154	17	-68	31	1422840971	9
15	154	17	-92	31	1422840971	3
15	154	17	-93	31	1422840971	4
15	154	17	-92	31	1422840971	5
15	154	17	-92	31	1422840971	6
15	154	17	-93	31	1422840971	7
15	154	17	-93	31	1422840971	8
146	154	17	-76	31	1422840971	0
146	154	17	-76	31	1422840971	1
146	154	17	-76	31	1422840971	2
146	154	17	-76	31	1422840971	3
146	154	17	-76	31	1422840971	4
146	154	17	-76	31	1422840971	5
146	154	17	-76	31	1422840971	6
146	154	17	-76	31	1422840971	7
146	154	17	-76	31	1422840971	8
146	154	17	-76	31	1422840971	9
11	154	17	-61	31	1422840971	0
11	154	17	-61	31	1422840971	1
11	154	17	-61	31	1422840971	2
11	154	17	-61	31	1422840971	3
11	154	17	-61	31	1422840971	4
11	154	17	-61	31	1422840971	5
11	154	17	-61	31	1422840971	6
11	154	17	-61	31	1422840971	7
11	154	17	-61	31	1422840971	8
11	154	17	-61	31	1422840971	9
148	11	17	-55	31	1422840971	0
148	11	17	-55	31	1422840971	1
148	11	17	-55	31	1422840971	2
148	11	17	-55	31	1422840971	3
148	11	17	-55	31	1422840971	4
148	11	17	-55	31	1422840971	5
148	11	17	-55	31	1422840971	6
148	11	17	-55	31	1422840971	7
148	11	17	-55	31	1422840971	8
148	11	17	-55	31	1422840971	9
15	11	17	-60	31	1422840971	0
15	11	17	-60	31	1422840971	1
15	11	17	-60	31	1422840971	2
15	11	17	-60	31	1422840971	3
15	11	17	-60	31	1422840971	4
15	11	17	-60	31	1422840971	5
15	11	17	-60	31	1422840971	6
15	11	17	-60	31	1422840971	7
15	11	17	-60	31	1422840971	8
15	11	17	-60	31	1422840971	9
146	11	17	-71	31	1422840971	0
146	11	17	-71	31	1422840971	1
146	11	17	-71	31	1422840971	2
146	11	17	-72	31	1422840971	3
146	11	17	-71	31	1422840971	4
146	11	17	-71	31	1422840971	5
146	11	17	-71	31	1422840971	6
146	11	17	-71	31	1422840971	7
146	11	17	-71	31	1422840971	8
146	11	17	-72	31	1422840971	9
154	11	17	-54	31	1422840971	0
154	11	17	-54	31	1422840971	1
154	11	17	-54	31	1422840971	2
154	11	17	-54	31	1422840971	3
154	11	17	-54	31	1422840971	4
154	11	17	-54	31	1422840971	5
154	11	17	-54	31	1422840971	6
154	11	17	-54	31	1422840971	7
154	11	17	-54	31	1422840971	8
154	11	17	-54	31	1422840971	9
15	148	18	-60	31	1422840973	0
15	148	18	-60	31	1422840973	1
15	148	18	-60	31	1422840973	2
15	148	18	-60	31	1422840973	3
15	148	18	-60	31	1422840973	4
15	148	18	-60	31	1422840973	5
15	148	18	-60	31	1422840973	6
15	148	18	-60	31	1422840973	7
15	148	18	-60	31	1422840973	8
15	148	18	-60	31	1422840973	9
146	148	18	-61	31	1422840973	0
146	148	18	-63	31	1422840973	1
146	148	18	-63	31	1422840973	2
146	148	18	-63	31	1422840973	3
146	148	18	-63	31	1422840973	4
146	148	18	-63	31	1422840973	5
146	148	18	-64	31	1422840973	6
146	148	18	-63	31	1422840973	7
146	148	18	-63	31	1422840973	8
146	148	18	-63	31	1422840973	9
154	148	18	-64	31	1422840973	0
154	148	18	-64	31	1422840973	1
154	148	18	-64	31	1422840973	2
154	148	18	-64	31	1422840973	3
154	148	18	-64	31	1422840973	4
154	148	18	-64	31	1422840973	5
154	148	18	-64	31	1422840973	6
154	148	18	-64	31	1422840973	7
154	148	18	-64	31	1422840973	8
154	148	18	-64	31	1422840973	9
11	148	18	-54	31	1422840973	0
11	148	18	-54	31	1422840973	1
11	148	18	-54	31	1422840973	2
11	148	18	-54	31	1422840973	3
11	148	18	-54	31	1422840973	4
11	148	18	-54	31	1422840973	5
11	148	18	-54	31	1422840973	6
11	148	18	-54	31	1422840973	7
11	148	18	-54	31	1422840973	8
11	148	18	-54	31	1422840973	9
148	15	18	-54	31	1422840974	0
148	15	18	-54	31	1422840974	1
148	15	18	-54	31	1422840974	2
148	15	18	-54	31	1422840974	3
148	15	18	-54	31	1422840974	4
148	15	18	-54	31	1422840974	5
148	15	18	-54	31	1422840974	6
148	15	18	-54	31	1422840974	7
148	15	18	-54	31	1422840974	8
148	15	18	-54	31	1422840974	9
146	15	18	-66	31	1422840974	0
146	15	18	-66	31	1422840974	1
146	15	18	-66	31	1422840974	2
146	15	18	-66	31	1422840974	3
146	15	18	-66	31	1422840974	4
146	15	18	-66	31	1422840974	5
146	15	18	-66	31	1422840974	6
146	15	18	-66	31	1422840974	7
146	15	18	-66	31	1422840974	8
146	15	18	-66	31	1422840974	9
154	15	18	-79	31	1422840974	0
154	15	18	-78	31	1422840974	1
154	15	18	-78	31	1422840974	2
154	15	18	-78	31	1422840974	3
154	15	18	-78	31	1422840974	4
154	15	18	-78	31	1422840974	5
154	15	18	-78	31	1422840974	6
154	15	18	-79	31	1422840974	7
154	15	18	-79	31	1422840974	8
154	15	18	-78	31	1422840974	9
11	15	18	-58	31	1422840974	0
11	15	18	-56	31	1422840974	1
11	15	18	-58	31	1422840974	2
11	15	18	-58	31	1422840974	3
11	15	18	-58	31	1422840974	4
11	15	18	-58	31	1422840974	5
11	15	18	-58	31	1422840974	6
11	15	18	-58	31	1422840974	7
11	15	18	-58	31	1422840974	8
11	15	18	-58	31	1422840974	9
148	146	18	-63	31	1422840977	0
148	146	18	-63	31	1422840977	1
148	146	18	-63	31	1422840977	2
148	146	18	-63	31	1422840977	3
148	146	18	-62	31	1422840977	4
148	146	18	-62	31	1422840977	5
148	146	18	-63	31	1422840977	6
148	146	18	-63	31	1422840977	7
148	146	18	-63	31	1422840977	8
148	146	18	-63	31	1422840977	9
15	146	18	-70	31	1422840977	0
15	146	18	-70	31	1422840977	1
15	146	18	-71	31	1422840977	2
15	146	18	-70	31	1422840977	3
15	146	18	-70	31	1422840977	4
15	146	18	-70	31	1422840977	5
15	146	18	-70	31	1422840977	6
15	146	18	-70	31	1422840977	7
15	146	18	-70	31	1422840977	8
15	146	18	-70	31	1422840977	9
154	146	18	-72	31	1422840977	0
154	146	18	-72	31	1422840977	1
154	146	18	-72	31	1422840977	2
154	146	18	-72	31	1422840977	3
154	146	18	-72	31	1422840977	4
154	146	18	-72	31	1422840977	5
154	146	18	-72	31	1422840977	6
154	146	18	-72	31	1422840977	7
154	146	18	-72	31	1422840977	8
154	146	18	-72	31	1422840977	9
11	146	18	-72	31	1422840977	0
11	146	18	-73	31	1422840977	1
11	146	18	-73	31	1422840977	3
11	146	18	-72	31	1422840977	6
11	146	18	-72	31	1422840977	7
11	146	18	-73	31	1422840977	9
148	154	18	-66	31	1422840981	0
148	154	18	-66	31	1422840981	1
148	154	18	-66	31	1422840981	2
148	154	18	-66	31	1422840981	3
148	154	18	-66	31	1422840981	4
148	154	18	-66	31	1422840981	5
148	154	18	-66	31	1422840981	6
148	154	18	-66	31	1422840981	7
148	154	18	-66	31	1422840981	8
148	154	18	-66	31	1422840981	9
15	154	18	-84	31	1422840981	0
15	154	18	-84	31	1422840981	1
15	154	18	-84	31	1422840981	2
15	154	18	-85	31	1422840981	3
15	154	18	-84	31	1422840981	4
15	154	18	-84	31	1422840981	5
15	154	18	-84	31	1422840981	7
15	154	18	-84	31	1422840981	8
15	154	18	-84	31	1422840981	9
146	154	18	-74	31	1422840981	1
146	154	18	-74	31	1422840981	2
146	154	18	-74	31	1422840981	3
146	154	18	-74	31	1422840981	4
146	154	18	-74	31	1422840981	5
146	154	18	-74	31	1422840981	6
146	154	18	-74	31	1422840981	7
146	154	18	-74	31	1422840981	8
146	154	18	-74	31	1422840981	9
11	154	18	-60	31	1422840981	0
11	154	18	-60	31	1422840981	1
11	154	18	-60	31	1422840981	2
11	154	18	-60	31	1422840981	3
11	154	18	-60	31	1422840981	4
11	154	18	-60	31	1422840981	5
11	154	18	-60	31	1422840981	6
11	154	18	-60	31	1422840981	7
11	154	18	-60	31	1422840981	8
11	154	18	-60	31	1422840981	9
148	11	18	-57	31	1422840984	0
148	11	18	-57	31	1422840984	1
148	11	18	-57	31	1422840984	2
148	11	18	-57	31	1422840984	3
148	11	18	-57	31	1422840984	4
148	11	18	-57	31	1422840984	5
148	11	18	-57	31	1422840984	6
148	11	18	-57	31	1422840984	7
148	11	18	-57	31	1422840984	8
148	11	18	-57	31	1422840984	9
15	11	18	-60	31	1422840984	0
15	11	18	-60	31	1422840984	1
15	11	18	-60	31	1422840984	2
15	11	18	-60	31	1422840984	3
15	11	18	-60	31	1422840984	4
15	11	18	-60	31	1422840984	5
15	11	18	-59	31	1422840984	6
15	11	18	-59	31	1422840984	7
15	11	18	-60	31	1422840984	8
15	11	18	-59	31	1422840984	9
146	11	18	-69	31	1422840984	1
146	11	18	-69	31	1422840984	2
146	11	18	-70	31	1422840984	3
146	11	18	-70	31	1422840984	4
146	11	18	-70	31	1422840984	5
146	11	18	-69	31	1422840984	6
146	11	18	-70	31	1422840984	7
146	11	18	-69	31	1422840984	8
146	11	18	-70	31	1422840984	9
154	11	18	-59	31	1422840984	0
154	11	18	-59	31	1422840984	1
154	11	18	-59	31	1422840984	2
154	11	18	-59	31	1422840984	3
154	11	18	-59	31	1422840984	4
154	11	18	-59	31	1422840984	5
154	11	18	-59	31	1422840984	6
154	11	18	-59	31	1422840984	7
154	11	18	-58	31	1422840984	8
154	11	18	-59	31	1422840984	9
15	148	19	-60	31	1422840986	0
15	148	19	-60	31	1422840986	1
15	148	19	-60	31	1422840986	2
15	148	19	-60	31	1422840986	3
15	148	19	-60	31	1422840986	4
15	148	19	-60	31	1422840986	5
15	148	19	-60	31	1422840986	6
15	148	19	-60	31	1422840986	7
15	148	19	-60	31	1422840986	8
15	148	19	-60	31	1422840986	9
146	148	19	-63	31	1422840986	0
146	148	19	-62	31	1422840986	1
146	148	19	-62	31	1422840986	2
146	148	19	-63	31	1422840986	3
146	148	19	-62	31	1422840986	4
146	148	19	-62	31	1422840986	5
146	148	19	-62	31	1422840986	6
146	148	19	-62	31	1422840986	7
146	148	19	-62	31	1422840986	8
146	148	19	-62	31	1422840986	9
154	148	19	-64	31	1422840986	0
154	148	19	-64	31	1422840986	1
154	148	19	-64	31	1422840986	2
154	148	19	-64	31	1422840986	3
154	148	19	-64	31	1422840986	4
154	148	19	-64	31	1422840986	5
154	148	19	-64	31	1422840986	6
154	148	19	-64	31	1422840986	7
154	148	19	-64	31	1422840986	8
154	148	19	-64	31	1422840986	9
11	148	19	-56	31	1422840986	0
11	148	19	-58	31	1422840986	1
11	148	19	-56	31	1422840986	2
11	148	19	-58	31	1422840986	3
11	148	19	-56	31	1422840986	4
11	148	19	-58	31	1422840986	5
11	148	19	-58	31	1422840986	6
11	148	19	-58	31	1422840986	7
11	148	19	-58	31	1422840986	8
11	148	19	-58	31	1422840986	9
148	15	19	-54	31	1422840987	0
148	15	19	-54	31	1422840987	1
148	15	19	-54	31	1422840987	2
148	15	19	-54	31	1422840987	3
148	15	19	-54	31	1422840987	4
148	15	19	-54	31	1422840987	5
148	15	19	-54	31	1422840987	6
148	15	19	-54	31	1422840987	7
148	15	19	-54	31	1422840987	8
148	15	19	-54	31	1422840987	9
146	15	19	-70	31	1422840987	0
146	15	19	-70	31	1422840987	1
146	15	19	-70	31	1422840987	2
146	15	19	-70	31	1422840987	3
146	15	19	-70	31	1422840987	4
146	15	19	-70	31	1422840987	5
146	15	19	-70	31	1422840987	6
146	15	19	-70	31	1422840987	7
146	15	19	-70	31	1422840987	8
146	15	19	-70	31	1422840987	9
154	15	19	-76	31	1422840987	0
154	15	19	-76	31	1422840987	1
154	15	19	-76	31	1422840987	2
154	15	19	-76	31	1422840987	3
154	15	19	-76	31	1422840987	4
154	15	19	-76	31	1422840987	5
154	15	19	-76	31	1422840987	6
154	15	19	-76	31	1422840987	7
154	15	19	-76	31	1422840987	8
154	15	19	-76	31	1422840987	9
11	15	19	-60	31	1422840987	0
11	15	19	-60	31	1422840987	1
11	15	19	-60	31	1422840987	2
11	15	19	-60	31	1422840987	3
11	15	19	-60	31	1422840987	4
11	15	19	-60	31	1422840987	5
11	15	19	-60	31	1422840987	6
11	15	19	-60	31	1422840987	7
11	15	19	-60	31	1422840987	8
11	15	19	-60	31	1422840987	9
148	146	19	-62	31	1422840990	0
148	146	19	-62	31	1422840991	1
148	146	19	-62	31	1422840991	2
148	146	19	-62	31	1422840991	3
148	146	19	-62	31	1422840991	4
148	146	19	-62	31	1422840991	5
148	146	19	-62	31	1422840991	6
148	146	19	-62	31	1422840991	7
148	146	19	-62	31	1422840991	8
148	146	19	-62	31	1422840991	9
15	146	19	-74	31	1422840991	0
15	146	19	-73	31	1422840991	1
15	146	19	-74	31	1422840991	2
15	146	19	-74	31	1422840991	3
15	146	19	-74	31	1422840991	4
15	146	19	-74	31	1422840991	5
15	146	19	-74	31	1422840991	6
15	146	19	-74	31	1422840991	7
15	146	19	-74	31	1422840991	8
15	146	19	-74	31	1422840991	9
154	146	19	-72	31	1422840991	0
154	146	19	-72	31	1422840991	1
154	146	19	-72	31	1422840991	2
154	146	19	-72	31	1422840991	3
154	146	19	-72	31	1422840991	4
154	146	19	-72	31	1422840991	5
154	146	19	-72	31	1422840991	6
154	146	19	-72	31	1422840991	7
154	146	19	-72	31	1422840991	9
11	146	19	-69	31	1422840991	1
11	146	19	-69	31	1422840991	2
11	146	19	-69	31	1422840991	3
11	146	19	-69	31	1422840991	4
11	146	19	-68	31	1422840991	5
11	146	19	-69	31	1422840991	6
11	146	19	-69	31	1422840991	7
11	146	19	-69	31	1422840991	8
148	154	19	-66	31	1422840991	0
148	154	19	-66	31	1422840991	1
148	154	19	-66	31	1422840991	2
148	154	19	-66	31	1422840991	3
148	154	19	-66	31	1422840991	4
148	154	19	-66	31	1422840991	5
148	154	19	-66	31	1422840991	6
148	154	19	-66	31	1422840991	7
148	154	19	-66	31	1422840991	8
148	154	19	-66	31	1422840991	9
15	154	19	-81	31	1422840991	0
15	154	19	-81	31	1422840991	1
15	154	19	-81	31	1422840991	2
15	154	19	-81	31	1422840991	3
15	154	19	-82	31	1422840991	4
15	154	19	-81	31	1422840991	5
15	154	19	-82	31	1422840991	6
15	154	19	-82	31	1422840991	7
15	154	19	-81	31	1422840991	8
15	154	19	-81	31	1422840991	9
146	154	19	-74	31	1422840991	0
146	154	19	-74	31	1422840991	1
146	154	19	-74	31	1422840991	2
146	154	19	-74	31	1422840991	3
146	154	19	-74	31	1422840991	4
146	154	19	-74	31	1422840991	5
146	154	19	-74	31	1422840991	6
146	154	19	-74	31	1422840991	7
146	154	19	-74	31	1422840991	8
146	154	19	-74	31	1422840991	9
11	154	19	-69	31	1422840991	0
11	154	19	-68	31	1422840991	1
11	154	19	-68	31	1422840991	2
11	154	19	-68	31	1422840991	3
11	154	19	-69	31	1422840991	4
11	154	19	-69	31	1422840991	5
11	154	19	-69	31	1422840991	6
11	154	19	-69	31	1422840991	7
11	154	19	-69	31	1422840991	8
11	154	19	-69	31	1422840991	9
148	11	19	-59	31	1422840992	0
148	11	19	-59	31	1422840992	1
148	11	19	-59	31	1422840992	2
148	11	19	-59	31	1422840992	3
148	11	19	-59	31	1422840992	4
148	11	19	-59	31	1422840992	5
148	11	19	-59	31	1422840992	6
148	11	19	-57	31	1422840992	7
148	11	19	-59	31	1422840992	8
148	11	19	-59	31	1422840992	9
15	11	19	-61	31	1422840992	0
15	11	19	-61	31	1422840992	1
15	11	19	-61	31	1422840992	2
15	11	19	-61	31	1422840992	3
15	11	19	-61	31	1422840992	4
15	11	19	-61	31	1422840992	5
15	11	19	-61	31	1422840992	6
15	11	19	-61	31	1422840992	7
15	11	19	-61	31	1422840992	8
15	11	19	-61	31	1422840992	9
146	11	19	-66	31	1422840992	0
146	11	19	-66	31	1422840992	1
146	11	19	-66	31	1422840992	2
146	11	19	-66	31	1422840992	3
146	11	19	-66	31	1422840992	4
146	11	19	-66	31	1422840992	5
146	11	19	-66	31	1422840992	6
146	11	19	-66	31	1422840992	7
146	11	19	-66	31	1422840992	8
146	11	19	-66	31	1422840992	9
154	11	19	-64	31	1422840992	0
154	11	19	-64	31	1422840992	1
154	11	19	-64	31	1422840992	2
154	11	19	-64	31	1422840992	3
154	11	19	-64	31	1422840992	4
154	11	19	-64	31	1422840992	5
154	11	19	-64	31	1422840992	6
154	11	19	-64	31	1422840992	7
154	11	19	-64	31	1422840992	8
154	11	19	-64	31	1422840992	9
15	148	20	-62	31	1422840993	0
15	148	20	-62	31	1422840993	1
15	148	20	-62	31	1422840993	2
15	148	20	-62	31	1422840993	3
15	148	20	-62	31	1422840993	4
15	148	20	-62	31	1422840993	5
15	148	20	-62	31	1422840993	6
15	148	20	-62	31	1422840993	7
15	148	20	-62	31	1422840993	8
15	148	20	-62	31	1422840993	9
146	148	20	-64	31	1422840993	0
146	148	20	-64	31	1422840993	1
146	148	20	-65	31	1422840993	2
146	148	20	-64	31	1422840993	3
146	148	20	-64	31	1422840993	4
146	148	20	-64	31	1422840993	5
146	148	20	-64	31	1422840993	6
146	148	20	-64	31	1422840993	7
146	148	20	-64	31	1422840993	8
146	148	20	-64	31	1422840993	9
154	148	20	-67	31	1422840993	0
154	148	20	-67	31	1422840993	1
154	148	20	-67	31	1422840993	2
154	148	20	-67	31	1422840993	3
154	148	20	-67	31	1422840993	4
154	148	20	-67	31	1422840993	5
154	148	20	-67	31	1422840993	6
154	148	20	-67	31	1422840993	7
154	148	20	-67	31	1422840993	8
154	148	20	-67	31	1422840993	9
11	148	20	-54	31	1422840993	0
11	148	20	-54	31	1422840993	1
11	148	20	-54	31	1422840993	2
11	148	20	-54	31	1422840993	3
11	148	20	-55	31	1422840993	4
11	148	20	-54	31	1422840993	5
11	148	20	-54	31	1422840993	6
11	148	20	-54	31	1422840993	7
11	148	20	-54	31	1422840993	8
11	148	20	-54	31	1422840993	9
148	15	20	-56	31	1422840994	0
148	15	20	-58	31	1422840994	1
148	15	20	-58	31	1422840994	2
148	15	20	-58	31	1422840994	3
148	15	20	-58	31	1422840994	4
148	15	20	-58	31	1422840994	5
148	15	20	-58	31	1422840994	6
148	15	20	-58	31	1422840994	7
148	15	20	-56	31	1422840994	8
148	15	20	-58	31	1422840994	9
146	15	20	-60	31	1422840994	0
146	15	20	-60	31	1422840994	1
146	15	20	-60	31	1422840994	2
146	15	20	-60	31	1422840994	3
146	15	20	-60	31	1422840994	4
146	15	20	-60	31	1422840994	5
146	15	20	-60	31	1422840994	6
146	15	20	-60	31	1422840994	7
146	15	20	-60	31	1422840994	8
146	15	20	-60	31	1422840994	9
154	15	20	-72	31	1422840994	0
154	15	20	-73	31	1422840994	1
154	15	20	-72	31	1422840994	2
154	15	20	-72	31	1422840994	3
154	15	20	-72	31	1422840994	4
154	15	20	-72	31	1422840994	5
154	15	20	-72	31	1422840994	6
154	15	20	-72	31	1422840994	7
154	15	20	-72	31	1422840994	8
154	15	20	-73	31	1422840994	9
11	15	20	-60	31	1422840994	0
11	15	20	-60	31	1422840994	1
11	15	20	-61	31	1422840994	2
11	15	20	-60	31	1422840994	3
11	15	20	-61	31	1422840994	4
11	15	20	-60	31	1422840994	5
11	15	20	-60	31	1422840994	6
11	15	20	-60	31	1422840994	7
11	15	20	-60	31	1422840994	8
11	15	20	-60	31	1422840994	9
148	146	20	-64	31	1422840998	0
148	146	20	-64	31	1422840998	1
148	146	20	-64	31	1422840998	2
148	146	20	-64	31	1422840998	3
148	146	20	-64	31	1422840998	4
148	146	20	-64	31	1422840998	5
148	146	20	-64	31	1422840998	6
148	146	20	-64	31	1422840998	7
148	146	20	-64	31	1422840998	8
148	146	20	-64	31	1422840998	9
15	146	20	-62	31	1422840998	0
15	146	20	-62	31	1422840998	1
15	146	20	-62	31	1422840998	2
15	146	20	-63	31	1422840998	3
15	146	20	-62	31	1422840998	4
15	146	20	-62	31	1422840998	5
15	146	20	-62	31	1422840998	6
15	146	20	-62	31	1422840998	7
15	146	20	-62	31	1422840998	8
15	146	20	-62	31	1422840998	9
154	146	20	-74	31	1422840998	0
154	146	20	-74	31	1422840998	1
154	146	20	-74	31	1422840998	2
154	146	20	-74	31	1422840998	3
154	146	20	-74	31	1422840998	4
154	146	20	-74	31	1422840998	6
154	146	20	-74	31	1422840998	8
11	146	20	-66	31	1422840998	1
11	146	20	-66	31	1422840998	3
11	146	20	-66	31	1422840998	4
11	146	20	-66	31	1422840998	5
11	146	20	-66	31	1422840998	8
11	146	20	-66	31	1422840998	9
148	154	20	-69	31	1422840998	0
148	154	20	-68	31	1422840998	1
148	154	20	-69	31	1422840998	2
148	154	20	-69	31	1422840998	3
148	154	20	-69	31	1422840998	4
148	154	20	-69	31	1422840998	5
148	154	20	-69	31	1422840998	6
148	154	20	-68	31	1422840998	7
148	154	20	-69	31	1422840998	8
148	154	20	-69	31	1422840998	9
15	154	20	-78	31	1422840998	0
15	154	20	-78	31	1422840998	1
15	154	20	-78	31	1422840998	2
15	154	20	-78	31	1422840998	3
15	154	20	-78	31	1422840998	4
15	154	20	-78	31	1422840998	5
15	154	20	-78	31	1422840998	6
15	154	20	-78	31	1422840998	7
15	154	20	-78	31	1422840998	8
15	154	20	-78	31	1422840998	9
146	154	20	-76	31	1422840998	0
146	154	20	-76	31	1422840998	1
146	154	20	-76	31	1422840998	2
146	154	20	-76	31	1422840998	3
146	154	20	-76	31	1422840998	4
146	154	20	-76	31	1422840998	5
146	154	20	-76	31	1422840998	6
146	154	20	-76	31	1422840998	7
146	154	20	-76	31	1422840998	8
146	154	20	-76	31	1422840998	9
11	154	20	-62	31	1422840998	0
11	154	20	-62	31	1422840998	1
11	154	20	-62	31	1422840998	2
11	154	20	-62	31	1422840998	3
11	154	20	-62	31	1422840998	4
11	154	20	-62	31	1422840998	5
11	154	20	-62	31	1422840998	6
11	154	20	-62	31	1422840998	7
11	154	20	-62	31	1422840998	8
11	154	20	-62	31	1422840998	9
148	11	20	-57	31	1422840999	0
148	11	20	-57	31	1422840999	1
148	11	20	-57	31	1422840999	2
148	11	20	-57	31	1422840999	3
148	11	20	-57	31	1422840999	4
148	11	20	-57	31	1422840999	5
148	11	20	-57	31	1422840999	6
148	11	20	-57	31	1422840999	7
148	11	20	-57	31	1422840999	8
148	11	20	-57	31	1422840999	9
15	11	20	-62	31	1422840999	0
15	11	20	-62	31	1422840999	1
15	11	20	-62	31	1422840999	2
15	11	20	-62	31	1422840999	3
15	11	20	-62	31	1422840999	4
15	11	20	-62	31	1422840999	5
15	11	20	-62	31	1422840999	6
15	11	20	-62	31	1422840999	7
15	11	20	-62	31	1422840999	8
15	11	20	-62	31	1422840999	9
146	11	20	-64	31	1422840999	0
146	11	20	-64	31	1422840999	1
146	11	20	-64	31	1422840999	2
146	11	20	-64	31	1422840999	3
146	11	20	-64	31	1422840999	4
146	11	20	-64	31	1422840999	5
146	11	20	-64	31	1422840999	6
146	11	20	-64	31	1422840999	7
146	11	20	-64	31	1422840999	8
146	11	20	-64	31	1422840999	9
154	11	20	-56	31	1422840999	0
154	11	20	-58	31	1422840999	1
154	11	20	-58	31	1422840999	2
154	11	20	-56	31	1422840999	3
154	11	20	-56	31	1422840999	4
154	11	20	-56	31	1422840999	5
154	11	20	-56	31	1422840999	6
154	11	20	-56	31	1422840999	7
154	11	20	-56	31	1422840999	8
154	11	20	-56	31	1422840999	9
15	148	21	-63	31	1422841000	0
15	148	21	-63	31	1422841000	1
15	148	21	-63	31	1422841000	2
15	148	21	-63	31	1422841000	3
15	148	21	-63	31	1422841000	4
15	148	21	-62	31	1422841000	5
15	148	21	-63	31	1422841000	6
15	148	21	-63	31	1422841000	7
15	148	21	-63	31	1422841000	8
15	148	21	-63	31	1422841000	9
146	148	21	-70	31	1422841000	0
146	148	21	-70	31	1422841000	1
146	148	21	-70	31	1422841000	2
146	148	21	-69	31	1422841000	3
146	148	21	-69	31	1422841000	4
146	148	21	-69	31	1422841000	5
146	148	21	-70	31	1422841000	6
146	148	21	-70	31	1422841000	7
146	148	21	-69	31	1422841000	8
146	148	21	-70	31	1422841000	9
154	148	21	-76	31	1422841000	0
154	148	21	-76	31	1422841000	1
154	148	21	-76	31	1422841000	2
154	148	21	-75	31	1422841000	3
154	148	21	-76	31	1422841000	4
154	148	21	-76	31	1422841000	5
154	148	21	-75	31	1422841000	6
154	148	21	-76	31	1422841000	7
154	148	21	-76	31	1422841000	8
154	148	21	-77	31	1422841000	9
11	148	21	-54	31	1422841000	0
11	148	21	-54	31	1422841000	1
11	148	21	-54	31	1422841000	2
11	148	21	-54	31	1422841000	3
11	148	21	-54	31	1422841000	4
11	148	21	-54	31	1422841000	5
11	148	21	-59	31	1422841000	6
11	148	21	-54	31	1422841000	7
11	148	21	-59	31	1422841000	8
11	148	21	-54	31	1422841000	9
148	15	21	-60	31	1422841001	0
148	15	21	-59	31	1422841001	1
148	15	21	-60	31	1422841001	2
148	15	21	-60	31	1422841001	3
148	15	21	-59	31	1422841001	4
148	15	21	-59	31	1422841001	5
148	15	21	-60	31	1422841001	6
148	15	21	-59	31	1422841001	7
148	15	21	-59	31	1422841001	8
148	15	21	-59	31	1422841001	9
146	15	21	-54	31	1422841001	0
146	15	21	-54	31	1422841001	1
146	15	21	-54	31	1422841001	2
146	15	21	-54	31	1422841001	3
146	15	21	-54	31	1422841001	4
146	15	21	-54	31	1422841001	5
146	15	21	-54	31	1422841001	6
146	15	21	-55	31	1422841001	7
146	15	21	-54	31	1422841001	8
146	15	21	-54	31	1422841001	9
154	15	21	-66	31	1422841001	0
154	15	21	-66	31	1422841001	1
154	15	21	-66	31	1422841001	2
154	15	21	-66	31	1422841001	3
154	15	21	-66	31	1422841001	4
154	15	21	-66	31	1422841001	5
154	15	21	-66	31	1422841001	6
154	15	21	-66	31	1422841001	7
154	15	21	-66	31	1422841001	8
154	15	21	-66	31	1422841001	9
11	15	21	-55	31	1422841001	0
11	15	21	-55	31	1422841001	1
11	15	21	-55	31	1422841001	2
11	15	21	-55	31	1422841001	3
11	15	21	-55	31	1422841001	4
11	15	21	-55	31	1422841001	5
11	15	21	-55	31	1422841001	6
11	15	21	-55	31	1422841001	7
11	15	21	-55	31	1422841001	8
11	15	21	-55	31	1422841001	9
148	146	21	-69	31	1422841005	0
148	146	21	-68	31	1422841005	1
148	146	21	-69	31	1422841005	2
148	146	21	-69	31	1422841005	3
148	146	21	-69	31	1422841005	4
148	146	21	-69	31	1422841005	5
148	146	21	-69	31	1422841005	6
148	146	21	-69	31	1422841005	7
148	146	21	-69	31	1422841005	8
148	146	21	-69	31	1422841005	9
15	146	21	-60	31	1422841005	0
15	146	21	-60	31	1422841005	1
15	146	21	-60	31	1422841005	2
15	146	21	-60	31	1422841005	3
15	146	21	-60	31	1422841005	4
15	146	21	-60	31	1422841005	5
15	146	21	-60	31	1422841005	6
15	146	21	-60	31	1422841005	7
15	146	21	-60	31	1422841005	8
15	146	21	-60	31	1422841005	9
154	146	21	-78	31	1422841005	0
154	146	21	-78	31	1422841005	1
154	146	21	-78	31	1422841005	2
154	146	21	-78	31	1422841005	3
154	146	21	-78	31	1422841005	4
154	146	21	-78	31	1422841005	5
154	146	21	-78	31	1422841005	6
154	146	21	-78	31	1422841005	7
154	146	21	-78	31	1422841005	8
154	146	21	-78	31	1422841005	9
11	146	21	-66	31	1422841005	0
11	146	21	-65	31	1422841005	1
11	146	21	-66	31	1422841005	2
11	146	21	-65	31	1422841005	3
11	146	21	-65	31	1422841005	5
11	146	21	-65	31	1422841005	6
11	146	21	-65	31	1422841005	7
11	146	21	-65	31	1422841005	8
148	154	21	-77	31	1422841005	0
148	154	21	-77	31	1422841005	1
148	154	21	-77	31	1422841005	2
148	154	21	-77	31	1422841005	3
148	154	21	-77	31	1422841005	4
148	154	21	-77	31	1422841005	5
148	154	21	-77	31	1422841005	6
148	154	21	-77	31	1422841005	7
148	154	21	-77	31	1422841005	8
148	154	21	-77	31	1422841005	9
15	154	21	-72	31	1422841005	0
15	154	21	-72	31	1422841005	1
15	154	21	-72	31	1422841005	2
15	154	21	-72	31	1422841005	3
15	154	21	-71	31	1422841005	4
15	154	21	-72	31	1422841005	5
15	154	21	-72	31	1422841005	6
15	154	21	-72	31	1422841005	7
15	154	21	-71	31	1422841005	8
15	154	21	-71	31	1422841005	9
146	154	21	-80	31	1422841005	0
146	154	21	-80	31	1422841005	1
146	154	21	-80	31	1422841005	2
146	154	21	-80	31	1422841005	3
146	154	21	-80	31	1422841005	4
146	154	21	-80	31	1422841005	5
146	154	21	-80	31	1422841005	6
146	154	21	-80	31	1422841005	7
146	154	21	-80	31	1422841005	8
146	154	21	-80	31	1422841005	9
11	154	21	-59	31	1422841005	0
11	154	21	-59	31	1422841005	1
11	154	21	-59	31	1422841005	2
11	154	21	-59	31	1422841005	3
11	154	21	-59	31	1422841005	4
11	154	21	-59	31	1422841005	5
11	154	21	-59	31	1422841005	6
11	154	21	-59	31	1422841005	7
11	154	21	-59	31	1422841005	8
11	154	21	-59	31	1422841005	9
148	11	21	-55	31	1422841006	0
148	11	21	-55	31	1422841006	1
148	11	21	-55	31	1422841006	2
148	11	21	-56	31	1422841006	3
148	11	21	-55	31	1422841006	4
148	11	21	-55	31	1422841006	5
148	11	21	-55	31	1422841006	6
148	11	21	-55	31	1422841006	7
148	11	21	-55	31	1422841006	8
148	11	21	-55	31	1422841006	9
15	11	21	-58	31	1422841006	0
15	11	21	-58	31	1422841006	1
15	11	21	-58	31	1422841006	2
15	11	21	-58	31	1422841006	3
15	11	21	-56	31	1422841006	4
15	11	21	-58	31	1422841006	5
15	11	21	-58	31	1422841006	6
15	11	21	-58	31	1422841006	7
15	11	21	-58	31	1422841006	8
15	11	21	-58	31	1422841006	9
146	11	21	-63	31	1422841006	0
146	11	21	-63	31	1422841006	1
146	11	21	-63	31	1422841006	2
146	11	21	-63	31	1422841006	3
146	11	21	-63	31	1422841006	4
146	11	21	-63	31	1422841006	5
146	11	21	-63	31	1422841006	6
146	11	21	-63	31	1422841006	7
146	11	21	-63	31	1422841006	8
146	11	21	-64	31	1422841006	9
154	11	21	-57	31	1422841006	0
154	11	21	-58	31	1422841006	1
154	11	21	-57	31	1422841006	2
154	11	21	-57	31	1422841006	3
154	11	21	-57	31	1422841006	4
154	11	21	-58	31	1422841006	5
154	11	21	-57	31	1422841006	6
154	11	21	-58	31	1422841006	7
154	11	21	-58	31	1422841006	8
154	11	21	-58	31	1422841006	9
15	148	22	-64	31	1422841007	0
15	148	22	-65	31	1422841008	1
15	148	22	-65	31	1422841008	2
15	148	22	-65	31	1422841008	3
15	148	22	-64	31	1422841008	4
15	148	22	-65	31	1422841008	5
15	148	22	-65	31	1422841008	6
15	148	22	-65	31	1422841008	7
15	148	22	-65	31	1422841008	8
15	148	22	-65	31	1422841008	9
146	148	22	-86	31	1422841008	0
146	148	22	-85	31	1422841008	1
146	148	22	-85	31	1422841008	2
146	148	22	-85	31	1422841008	3
146	148	22	-85	31	1422841008	4
146	148	22	-85	31	1422841008	5
146	148	22	-85	31	1422841008	6
146	148	22	-85	31	1422841008	7
146	148	22	-85	31	1422841008	8
146	148	22	-85	31	1422841008	9
154	148	22	-64	31	1422841008	0
154	148	22	-64	31	1422841008	1
154	148	22	-64	31	1422841008	2
154	148	22	-64	31	1422841008	3
154	148	22	-64	31	1422841008	4
154	148	22	-64	31	1422841008	5
154	148	22	-63	31	1422841008	6
154	148	22	-64	31	1422841008	7
154	148	22	-64	31	1422841008	8
154	148	22	-64	31	1422841008	9
11	148	22	-55	31	1422841008	0
11	148	22	-55	31	1422841008	1
11	148	22	-56	31	1422841008	2
11	148	22	-55	31	1422841008	3
11	148	22	-55	31	1422841008	4
11	148	22	-55	31	1422841008	5
11	148	22	-56	31	1422841008	6
11	148	22	-56	31	1422841008	7
11	148	22	-55	31	1422841008	8
11	148	22	-56	31	1422841008	9
148	15	22	-61	31	1422841008	0
148	15	22	-61	31	1422841008	1
148	15	22	-61	31	1422841008	2
148	15	22	-61	31	1422841008	3
148	15	22	-61	31	1422841008	4
148	15	22	-61	31	1422841008	5
148	15	22	-61	31	1422841008	6
148	15	22	-61	31	1422841008	7
148	15	22	-61	31	1422841008	8
148	15	22	-61	31	1422841008	9
146	15	22	-55	31	1422841008	0
146	15	22	-55	31	1422841008	1
146	15	22	-57	31	1422841008	2
146	15	22	-55	31	1422841008	3
146	15	22	-57	31	1422841008	4
146	15	22	-57	31	1422841008	5
146	15	22	-55	31	1422841008	6
146	15	22	-55	31	1422841008	7
146	15	22	-57	31	1422841008	8
146	15	22	-55	31	1422841008	9
154	15	22	-60	31	1422841008	0
154	15	22	-61	31	1422841008	1
154	15	22	-60	31	1422841008	2
154	15	22	-60	31	1422841008	3
154	15	22	-60	31	1422841008	4
154	15	22	-60	31	1422841008	5
154	15	22	-61	31	1422841008	6
154	15	22	-60	31	1422841008	7
154	15	22	-60	31	1422841008	8
154	15	22	-60	31	1422841008	9
11	15	22	-58	31	1422841008	0
11	15	22	-58	31	1422841008	1
11	15	22	-58	31	1422841008	2
11	15	22	-58	31	1422841008	3
11	15	22	-58	31	1422841008	4
11	15	22	-58	31	1422841008	5
11	15	22	-58	31	1422841008	6
11	15	22	-58	31	1422841008	7
11	15	22	-58	31	1422841008	8
11	15	22	-58	31	1422841008	9
148	146	22	-84	31	1422841012	1
148	146	22	-84	31	1422841012	2
148	146	22	-84	31	1422841012	3
148	146	22	-84	31	1422841012	4
148	146	22	-84	31	1422841012	5
148	146	22	-84	31	1422841012	6
148	146	22	-84	31	1422841012	7
148	146	22	-84	31	1422841012	8
148	146	22	-84	31	1422841012	9
15	146	22	-60	31	1422841012	0
15	146	22	-60	31	1422841012	1
15	146	22	-60	31	1422841012	2
15	146	22	-60	31	1422841012	3
15	146	22	-60	31	1422841012	4
15	146	22	-61	31	1422841012	5
15	146	22	-60	31	1422841012	6
15	146	22	-60	31	1422841012	7
15	146	22	-61	31	1422841012	8
15	146	22	-61	31	1422841012	9
154	146	22	-81	31	1422841012	0
154	146	22	-81	31	1422841012	1
154	146	22	-81	31	1422841012	2
154	146	22	-81	31	1422841012	3
154	146	22	-81	31	1422841012	4
154	146	22	-81	31	1422841012	5
154	146	22	-81	31	1422841012	6
154	146	22	-81	31	1422841012	7
154	146	22	-81	31	1422841012	8
154	146	22	-81	31	1422841012	9
11	146	22	-64	31	1422841012	0
11	146	22	-64	31	1422841012	1
11	146	22	-64	31	1422841012	2
11	146	22	-64	31	1422841012	4
11	146	22	-64	31	1422841012	5
11	146	22	-64	31	1422841012	6
11	146	22	-64	31	1422841012	7
11	146	22	-64	31	1422841012	8
148	154	22	-65	31	1422841015	0
148	154	22	-64	31	1422841015	1
148	154	22	-64	31	1422841015	2
148	154	22	-64	31	1422841015	3
148	154	22	-65	31	1422841015	4
148	154	22	-64	31	1422841015	5
148	154	22	-64	31	1422841015	6
148	154	22	-64	31	1422841015	7
148	154	22	-64	31	1422841015	8
148	154	22	-64	31	1422841015	9
15	154	22	-66	31	1422841015	0
15	154	22	-66	31	1422841015	1
15	154	22	-66	31	1422841015	2
15	154	22	-66	31	1422841015	3
15	154	22	-66	31	1422841015	4
15	154	22	-66	31	1422841015	5
15	154	22	-66	31	1422841015	6
15	154	22	-66	31	1422841015	7
15	154	22	-66	31	1422841015	8
146	154	22	-83	31	1422841015	0
146	154	22	-83	31	1422841015	1
146	154	22	-83	31	1422841015	2
146	154	22	-83	31	1422841015	3
146	154	22	-83	31	1422841015	4
146	154	22	-83	31	1422841015	5
146	154	22	-83	31	1422841015	6
146	154	22	-83	31	1422841015	7
146	154	22	-83	31	1422841015	8
146	154	22	-83	31	1422841015	9
11	154	22	-60	31	1422841015	0
11	154	22	-56	31	1422841015	1
11	154	22	-56	31	1422841015	2
11	154	22	-60	31	1422841015	3
11	154	22	-60	31	1422841015	4
11	154	22	-60	31	1422841015	5
11	154	22	-60	31	1422841015	6
11	154	22	-60	31	1422841015	7
11	154	22	-60	31	1422841015	8
11	154	22	-60	31	1422841015	9
148	11	22	-53	31	1422841016	0
148	11	22	-52	31	1422841016	1
148	11	22	-51	31	1422841016	2
148	11	22	-51	31	1422841016	3
148	11	22	-52	31	1422841016	4
148	11	22	-51	31	1422841016	5
148	11	22	-53	31	1422841016	6
148	11	22	-54	31	1422841016	7
148	11	22	-52	31	1422841016	8
148	11	22	-52	31	1422841016	9
15	11	22	-59	31	1422841016	0
15	11	22	-56	31	1422841016	1
15	11	22	-58	31	1422841016	2
15	11	22	-58	31	1422841016	3
15	11	22	-56	31	1422841016	4
15	11	22	-58	31	1422841016	5
15	11	22	-59	31	1422841016	6
15	11	22	-59	31	1422841016	7
15	11	22	-58	31	1422841016	8
15	11	22	-59	31	1422841016	9
146	11	22	-62	31	1422841016	0
146	11	22	-62	31	1422841016	1
146	11	22	-62	31	1422841016	2
146	11	22	-62	31	1422841016	3
146	11	22	-62	31	1422841016	4
146	11	22	-62	31	1422841016	5
146	11	22	-62	31	1422841016	6
146	11	22	-62	31	1422841016	7
146	11	22	-62	31	1422841016	8
146	11	22	-62	31	1422841016	9
154	11	22	-58	31	1422841016	0
154	11	22	-58	31	1422841016	1
154	11	22	-58	31	1422841016	2
154	11	22	-58	31	1422841016	3
154	11	22	-58	31	1422841016	4
154	11	22	-58	31	1422841016	5
154	11	22	-58	31	1422841016	6
154	11	22	-58	31	1422841016	7
154	11	22	-58	31	1422841016	8
154	11	22	-58	31	1422841016	9
146	148	11	-74	31	1422841023	0
146	148	11	-73	31	1422841023	1
146	148	11	-73	31	1422841023	2
146	148	11	-73	31	1422841023	3
146	148	11	-73	31	1422841023	4
146	148	11	-73	31	1422841023	5
146	148	11	-72	31	1422841023	6
146	148	11	-73	31	1422841023	7
146	148	11	-74	31	1422841023	8
146	148	11	-73	31	1422841023	9
154	148	11	-64	31	1422841023	0
154	148	11	-64	31	1422841023	1
154	148	11	-64	31	1422841023	2
154	148	11	-64	31	1422841023	3
154	148	11	-64	31	1422841023	4
154	148	11	-64	31	1422841023	5
154	148	11	-64	31	1422841023	6
154	148	11	-64	31	1422841023	7
154	148	11	-64	31	1422841023	8
154	148	11	-64	31	1422841023	9
11	148	11	-60	31	1422841023	0
11	148	11	-60	31	1422841023	1
11	148	11	-60	31	1422841023	2
11	148	11	-60	31	1422841023	3
11	148	11	-60	31	1422841023	4
11	148	11	-60	31	1422841023	5
11	148	11	-60	31	1422841023	6
11	148	11	-60	31	1422841023	7
11	148	11	-60	31	1422841023	8
11	148	11	-60	31	1422841023	9
148	15	23	-75	31	1422841024	0
148	15	23	-75	31	1422841024	1
148	15	23	-75	31	1422841024	2
148	15	23	-75	31	1422841024	3
148	15	23	-75	31	1422841024	4
148	15	23	-75	31	1422841024	5
148	15	23	-75	31	1422841024	6
148	15	23	-75	31	1422841024	7
148	15	23	-75	31	1422841024	8
148	15	23	-76	31	1422841024	9
146	15	11	-59	31	1422841024	0
146	15	11	-59	31	1422841024	1
146	15	11	-59	31	1422841024	2
146	15	11	-59	31	1422841024	3
146	15	11	-59	31	1422841024	4
146	15	11	-59	31	1422841024	5
146	15	11	-59	31	1422841024	6
146	15	11	-59	31	1422841024	7
146	15	11	-59	31	1422841024	8
146	15	11	-59	31	1422841024	9
154	15	11	-79	31	1422841024	0
154	15	11	-78	31	1422841024	1
154	15	11	-79	31	1422841024	2
154	15	11	-78	31	1422841024	3
154	15	11	-78	31	1422841024	4
154	15	11	-78	31	1422841024	5
154	15	11	-78	31	1422841024	6
154	15	11	-79	31	1422841024	7
154	15	11	-78	31	1422841024	8
154	15	11	-78	31	1422841024	9
11	15	11	-66	31	1422841024	0
11	15	11	-66	31	1422841024	1
11	15	11	-66	31	1422841024	2
11	15	11	-66	31	1422841024	3
11	15	11	-66	31	1422841024	4
11	15	11	-66	31	1422841024	5
11	15	11	-66	31	1422841024	6
11	15	11	-66	31	1422841024	7
11	15	11	-66	31	1422841024	8
11	15	11	-66	31	1422841024	9
148	146	23	-69	31	1422841027	0
148	146	23	-69	31	1422841027	1
148	146	23	-69	31	1422841027	2
148	146	23	-69	31	1422841027	3
148	146	23	-69	31	1422841027	4
148	146	23	-69	31	1422841027	5
148	146	23	-69	31	1422841027	6
148	146	23	-69	31	1422841027	7
148	146	23	-69	31	1422841027	8
148	146	23	-69	31	1422841027	9
154	146	11	-88	31	1422841027	0
154	146	11	-88	31	1422841027	1
154	146	11	-88	31	1422841027	2
154	146	11	-89	31	1422841027	3
154	146	11	-89	31	1422841027	4
154	146	11	-88	31	1422841027	5
154	146	11	-89	31	1422841027	6
154	146	11	-88	31	1422841027	7
154	146	11	-89	31	1422841027	8
154	146	11	-89	31	1422841027	9
11	146	11	-74	31	1422841027	0
11	146	11	-74	31	1422841027	1
11	146	11	-75	31	1422841027	2
11	146	11	-75	31	1422841027	3
11	146	11	-74	31	1422841027	4
11	146	11	-74	31	1422841027	5
11	146	11	-74	31	1422841027	6
11	146	11	-74	31	1422841027	7
11	146	11	-75	31	1422841027	9
148	154	23	-62	31	1422841031	0
148	154	23	-62	31	1422841031	1
148	154	23	-62	31	1422841031	2
148	154	23	-62	31	1422841031	3
148	154	23	-62	31	1422841031	4
148	154	23	-62	31	1422841031	5
148	154	23	-62	31	1422841031	6
148	154	23	-62	31	1422841031	7
148	154	23	-62	31	1422841031	8
148	154	23	-62	31	1422841031	9
146	154	11	-90	31	1422841031	0
146	154	11	-90	31	1422841031	1
146	154	11	-90	31	1422841031	2
146	154	11	-90	31	1422841031	3
146	154	11	-90	31	1422841031	4
146	154	11	-91	31	1422841031	5
146	154	11	-91	31	1422841031	6
146	154	11	-90	31	1422841031	7
146	154	11	-91	31	1422841031	8
146	154	11	-90	31	1422841031	9
11	154	11	-84	31	1422841031	0
11	154	11	-84	31	1422841031	1
11	154	11	-84	31	1422841031	2
11	154	11	-84	31	1422841031	3
11	154	11	-84	31	1422841031	4
11	154	11	-84	31	1422841031	5
11	154	11	-84	31	1422841031	6
11	154	11	-84	31	1422841031	7
11	154	11	-84	31	1422841031	8
11	154	11	-84	31	1422841031	9
148	11	23	-50	31	1422841034	0
148	11	23	-50	31	1422841034	1
148	11	23	-47	31	1422841034	2
148	11	23	-49	31	1422841034	3
148	11	23	-50	31	1422841034	4
148	11	23	-50	31	1422841034	5
148	11	23	-48	31	1422841034	6
148	11	23	-48	31	1422841034	7
148	11	23	-50	31	1422841034	8
148	11	23	-49	31	1422841034	9
146	11	11	-71	31	1422841034	0
146	11	11	-71	31	1422841034	1
146	11	11	-70	31	1422841034	2
146	11	11	-70	31	1422841034	3
146	11	11	-70	31	1422841034	4
146	11	11	-71	31	1422841034	5
146	11	11	-71	31	1422841034	6
146	11	11	-71	31	1422841034	7
146	11	11	-71	31	1422841034	8
146	11	11	-71	31	1422841034	9
154	11	11	-79	31	1422841034	0
154	11	11	-79	31	1422841034	1
154	11	11	-79	31	1422841034	2
154	11	11	-79	31	1422841034	3
154	11	11	-79	31	1422841034	4
154	11	11	-79	31	1422841034	5
154	11	11	-79	31	1422841034	6
154	11	11	-79	31	1422841034	7
154	11	11	-79	31	1422841034	8
154	11	11	-79	31	1422841034	9
146	148	11	-73	31	1422841040	0
146	148	11	-73	31	1422841040	1
146	148	11	-73	31	1422841040	2
146	148	11	-73	31	1422841040	3
146	148	11	-74	31	1422841040	4
146	148	11	-74	31	1422841040	5
146	148	11	-73	31	1422841040	6
146	148	11	-73	31	1422841040	7
146	148	11	-73	31	1422841040	8
146	148	11	-73	31	1422841040	9
154	148	11	-64	31	1422841040	0
154	148	11	-64	31	1422841040	1
154	148	11	-64	31	1422841040	2
154	148	11	-64	31	1422841040	3
154	148	11	-64	31	1422841040	4
154	148	11	-64	31	1422841040	5
154	148	11	-64	31	1422841040	6
154	148	11	-64	31	1422841040	7
154	148	11	-64	31	1422841040	8
154	148	11	-64	31	1422841040	9
11	148	11	-60	31	1422841040	0
11	148	11	-60	31	1422841040	1
11	148	11	-60	31	1422841040	2
11	148	11	-60	31	1422841040	3
11	148	11	-60	31	1422841040	4
11	148	11	-60	31	1422841040	5
11	148	11	-60	31	1422841040	6
11	148	11	-60	31	1422841040	7
11	148	11	-60	31	1422841040	8
11	148	11	-60	31	1422841040	9
148	15	24	-65	31	1422841041	0
148	15	24	-65	31	1422841041	1
148	15	24	-65	31	1422841041	2
148	15	24	-65	31	1422841041	3
148	15	24	-65	31	1422841041	4
148	15	24	-64	31	1422841041	5
148	15	24	-64	31	1422841041	6
148	15	24	-64	31	1422841041	7
148	15	24	-65	31	1422841041	8
148	15	24	-65	31	1422841041	9
146	15	11	-59	31	1422841041	0
146	15	11	-59	31	1422841041	1
146	15	11	-59	31	1422841041	2
146	15	11	-59	31	1422841041	3
146	15	11	-59	31	1422841041	4
146	15	11	-59	31	1422841041	5
146	15	11	-59	31	1422841041	6
146	15	11	-59	31	1422841041	7
146	15	11	-59	31	1422841041	8
146	15	11	-59	31	1422841041	9
154	15	11	-78	31	1422841041	0
154	15	11	-79	31	1422841041	1
154	15	11	-78	31	1422841041	2
154	15	11	-79	31	1422841041	3
154	15	11	-78	31	1422841041	4
154	15	11	-78	31	1422841041	5
154	15	11	-78	31	1422841041	6
154	15	11	-78	31	1422841041	7
154	15	11	-78	31	1422841041	8
154	15	11	-78	31	1422841041	9
11	15	11	-66	31	1422841041	0
11	15	11	-66	31	1422841041	1
11	15	11	-66	31	1422841041	2
11	15	11	-66	31	1422841041	3
11	15	11	-66	31	1422841041	4
11	15	11	-66	31	1422841041	5
11	15	11	-66	31	1422841041	6
11	15	11	-66	31	1422841041	7
11	15	11	-66	31	1422841041	8
11	15	11	-66	31	1422841041	9
148	146	24	-66	31	1422841044	0
148	146	24	-66	31	1422841045	1
148	146	24	-66	31	1422841045	2
148	146	24	-66	31	1422841045	3
148	146	24	-66	31	1422841045	4
148	146	24	-66	31	1422841045	5
148	146	24	-66	31	1422841045	6
148	146	24	-66	31	1422841045	7
148	146	24	-66	31	1422841045	8
148	146	24	-66	31	1422841045	9
154	146	11	-89	31	1422841045	0
154	146	11	-89	31	1422841045	1
154	146	11	-89	31	1422841045	2
154	146	11	-89	31	1422841045	3
154	146	11	-88	31	1422841045	4
154	146	11	-89	31	1422841045	5
154	146	11	-89	31	1422841045	6
154	146	11	-89	31	1422841045	7
154	146	11	-88	31	1422841045	8
154	146	11	-88	31	1422841045	9
11	146	11	-74	31	1422841045	0
11	146	11	-75	31	1422841045	1
11	146	11	-74	31	1422841045	2
11	146	11	-74	31	1422841045	3
11	146	11	-74	31	1422841045	4
11	146	11	-74	31	1422841045	5
11	146	11	-74	31	1422841045	6
11	146	11	-74	31	1422841045	7
11	146	11	-74	31	1422841045	9
148	154	24	-63	31	1422841048	0
148	154	24	-63	31	1422841048	1
148	154	24	-63	31	1422841048	2
148	154	24	-63	31	1422841048	3
148	154	24	-63	31	1422841048	4
148	154	24	-63	31	1422841048	5
148	154	24	-63	31	1422841048	6
148	154	24	-63	31	1422841048	7
148	154	24	-63	31	1422841048	8
148	154	24	-63	31	1422841048	9
146	154	11	-90	31	1422841048	0
146	154	11	-91	31	1422841048	1
146	154	11	-90	31	1422841048	2
146	154	11	-90	31	1422841048	3
146	154	11	-91	31	1422841048	4
146	154	11	-90	31	1422841048	5
146	154	11	-90	31	1422841048	6
146	154	11	-90	31	1422841048	7
146	154	11	-90	31	1422841048	8
146	154	11	-90	31	1422841048	9
11	154	11	-84	31	1422841048	0
11	154	11	-84	31	1422841048	1
11	154	11	-84	31	1422841048	2
11	154	11	-84	31	1422841048	3
11	154	11	-84	31	1422841048	4
11	154	11	-84	31	1422841048	5
11	154	11	-84	31	1422841048	6
11	154	11	-84	31	1422841048	7
11	154	11	-84	31	1422841048	8
11	154	11	-84	31	1422841048	9
148	11	24	-46	31	1422841051	0
148	11	24	-46	31	1422841051	1
148	11	24	-46	31	1422841051	2
148	11	24	-46	31	1422841051	3
148	11	24	-47	31	1422841051	4
148	11	24	-46	31	1422841051	5
148	11	24	-46	31	1422841051	6
148	11	24	-46	31	1422841051	7
148	11	24	-47	31	1422841051	8
148	11	24	-46	31	1422841051	9
146	11	11	-71	31	1422841051	0
146	11	11	-70	31	1422841051	1
146	11	11	-71	31	1422841051	2
146	11	11	-70	31	1422841051	3
146	11	11	-71	31	1422841051	4
146	11	11	-70	31	1422841051	5
146	11	11	-70	31	1422841051	6
146	11	11	-71	31	1422841051	7
146	11	11	-71	31	1422841051	8
146	11	11	-71	31	1422841051	9
154	11	11	-79	31	1422841051	0
154	11	11	-79	31	1422841051	1
154	11	11	-79	31	1422841051	2
154	11	11	-79	31	1422841051	3
154	11	11	-79	31	1422841051	5
154	11	11	-79	31	1422841051	6
154	11	11	-79	31	1422841051	7
154	11	11	-79	31	1422841051	8
154	11	11	-79	31	1422841051	9
146	148	11	-73	31	1422841058	0
146	148	11	-73	31	1422841058	1
146	148	11	-73	31	1422841058	2
146	148	11	-73	31	1422841058	3
146	148	11	-73	31	1422841058	4
146	148	11	-73	31	1422841058	5
146	148	11	-73	31	1422841058	6
146	148	11	-73	31	1422841058	7
146	148	11	-73	31	1422841058	8
146	148	11	-73	31	1422841058	9
154	148	11	-64	31	1422841058	0
154	148	11	-64	31	1422841058	1
154	148	11	-64	31	1422841058	2
154	148	11	-64	31	1422841058	3
154	148	11	-64	31	1422841058	4
154	148	11	-64	31	1422841058	5
154	148	11	-64	31	1422841058	6
154	148	11	-64	31	1422841058	7
154	148	11	-64	31	1422841058	8
154	148	11	-64	31	1422841058	9
11	148	11	-60	31	1422841058	0
11	148	11	-60	31	1422841058	1
11	148	11	-60	31	1422841058	2
11	148	11	-60	31	1422841058	3
11	148	11	-60	31	1422841058	4
11	148	11	-60	31	1422841058	5
11	148	11	-60	31	1422841058	6
11	148	11	-60	31	1422841058	7
11	148	11	-60	31	1422841058	8
11	148	11	-60	31	1422841058	9
148	15	25	-60	31	1422841059	0
148	15	25	-61	31	1422841059	1
148	15	25	-60	31	1422841059	2
148	15	25	-61	31	1422841059	3
148	15	25	-60	31	1422841059	4
148	15	25	-60	31	1422841059	5
148	15	25	-61	31	1422841059	6
148	15	25	-60	31	1422841059	7
148	15	25	-60	31	1422841059	8
148	15	25	-60	31	1422841059	9
146	15	11	-59	31	1422841059	0
146	15	11	-59	31	1422841059	1
146	15	11	-59	31	1422841059	2
146	15	11	-59	31	1422841059	3
146	15	11	-59	31	1422841059	4
146	15	11	-59	31	1422841059	5
146	15	11	-59	31	1422841059	6
146	15	11	-59	31	1422841059	7
146	15	11	-59	31	1422841059	8
146	15	11	-59	31	1422841059	9
154	15	11	-78	31	1422841059	0
154	15	11	-78	31	1422841059	1
154	15	11	-78	31	1422841059	2
154	15	11	-79	31	1422841059	3
154	15	11	-79	31	1422841059	4
154	15	11	-78	31	1422841059	5
154	15	11	-78	31	1422841059	6
154	15	11	-78	31	1422841059	7
154	15	11	-78	31	1422841059	8
154	15	11	-78	31	1422841059	9
11	15	11	-66	31	1422841059	0
11	15	11	-66	31	1422841059	1
11	15	11	-66	31	1422841059	2
11	15	11	-66	31	1422841059	3
11	15	11	-66	31	1422841059	4
11	15	11	-66	31	1422841059	5
11	15	11	-66	31	1422841059	6
11	15	11	-66	31	1422841059	7
11	15	11	-66	31	1422841059	8
11	15	11	-66	31	1422841059	9
148	146	25	-65	31	1422841062	0
148	146	25	-65	31	1422841062	1
148	146	25	-65	31	1422841062	2
148	146	25	-65	31	1422841062	3
148	146	25	-65	31	1422841062	4
148	146	25	-65	31	1422841062	5
148	146	25	-65	31	1422841062	6
148	146	25	-65	31	1422841062	7
148	146	25	-65	31	1422841062	8
148	146	25	-65	31	1422841062	9
154	146	11	-89	31	1422841062	0
154	146	11	-89	31	1422841062	1
154	146	11	-89	31	1422841062	2
154	146	11	-89	31	1422841062	3
154	146	11	-89	31	1422841062	4
154	146	11	-89	31	1422841062	5
154	146	11	-89	31	1422841062	6
154	146	11	-89	31	1422841062	7
154	146	11	-89	31	1422841062	8
154	146	11	-89	31	1422841062	9
11	146	11	-74	31	1422841062	0
11	146	11	-74	31	1422841062	1
11	146	11	-74	31	1422841062	2
11	146	11	-74	31	1422841062	3
11	146	11	-74	31	1422841062	4
11	146	11	-74	31	1422841062	5
11	146	11	-75	31	1422841062	6
11	146	11	-74	31	1422841062	7
11	146	11	-74	31	1422841062	9
148	154	25	-62	31	1422841066	0
148	154	25	-62	31	1422841066	1
148	154	25	-62	31	1422841066	2
148	154	25	-62	31	1422841066	3
148	154	25	-62	31	1422841066	4
148	154	25	-62	31	1422841066	5
148	154	25	-62	31	1422841066	6
148	154	25	-62	31	1422841066	7
148	154	25	-62	31	1422841066	8
148	154	25	-62	31	1422841066	9
146	154	11	-91	31	1422841066	0
146	154	11	-90	31	1422841066	1
146	154	11	-91	31	1422841066	2
146	154	11	-91	31	1422841066	3
146	154	11	-91	31	1422841066	4
146	154	11	-91	31	1422841066	5
146	154	11	-91	31	1422841066	6
146	154	11	-91	31	1422841066	7
146	154	11	-90	31	1422841066	8
146	154	11	-90	31	1422841066	9
11	154	11	-83	31	1422841066	0
11	154	11	-83	31	1422841066	1
11	154	11	-83	31	1422841066	2
11	154	11	-83	31	1422841066	3
11	154	11	-83	31	1422841066	4
11	154	11	-83	31	1422841066	5
11	154	11	-83	31	1422841066	6
11	154	11	-83	31	1422841066	7
11	154	11	-83	31	1422841066	8
11	154	11	-83	31	1422841066	9
148	11	25	-47	31	1422841069	0
148	11	25	-47	31	1422841069	1
148	11	25	-47	31	1422841069	2
148	11	25	-47	31	1422841069	3
148	11	25	-47	31	1422841069	4
148	11	25	-47	31	1422841069	5
148	11	25	-47	31	1422841069	6
148	11	25	-47	31	1422841069	7
148	11	25	-47	31	1422841069	8
148	11	25	-47	31	1422841069	9
146	11	11	-70	31	1422841069	0
146	11	11	-71	31	1422841069	1
146	11	11	-71	31	1422841069	2
146	11	11	-70	31	1422841069	3
146	11	11	-71	31	1422841069	4
146	11	11	-71	31	1422841069	5
146	11	11	-70	31	1422841069	6
146	11	11	-70	31	1422841069	7
146	11	11	-71	31	1422841069	8
146	11	11	-70	31	1422841069	9
154	11	11	-79	31	1422841069	0
154	11	11	-79	31	1422841069	1
154	11	11	-79	31	1422841069	2
154	11	11	-79	31	1422841069	3
154	11	11	-79	31	1422841069	4
154	11	11	-79	31	1422841069	5
154	11	11	-79	31	1422841069	6
154	11	11	-79	31	1422841069	7
154	11	11	-79	31	1422841069	8
154	11	11	-79	31	1422841069	9
146	148	11	-73	31	1422841076	0
146	148	11	-73	31	1422841076	1
146	148	11	-73	31	1422841076	2
146	148	11	-73	31	1422841076	3
146	148	11	-73	31	1422841076	4
146	148	11	-72	31	1422841076	5
146	148	11	-73	31	1422841076	6
146	148	11	-73	31	1422841076	7
146	148	11	-73	31	1422841076	8
146	148	11	-73	31	1422841076	9
154	148	11	-64	31	1422841076	0
154	148	11	-64	31	1422841076	1
154	148	11	-64	31	1422841076	2
154	148	11	-64	31	1422841076	3
154	148	11	-64	31	1422841076	4
154	148	11	-64	31	1422841076	5
154	148	11	-64	31	1422841076	6
154	148	11	-64	31	1422841076	7
154	148	11	-64	31	1422841076	8
154	148	11	-64	31	1422841076	9
11	148	11	-60	31	1422841076	0
11	148	11	-60	31	1422841076	1
11	148	11	-60	31	1422841076	2
11	148	11	-60	31	1422841076	3
11	148	11	-60	31	1422841076	4
11	148	11	-60	31	1422841076	5
11	148	11	-60	31	1422841076	6
11	148	11	-60	31	1422841076	7
11	148	11	-60	31	1422841076	8
11	148	11	-60	31	1422841076	9
148	15	26	-58	31	1422841076	0
148	15	26	-58	31	1422841076	1
148	15	26	-58	31	1422841076	2
148	15	26	-58	31	1422841076	3
148	15	26	-58	31	1422841076	4
148	15	26	-56	31	1422841076	5
148	15	26	-58	31	1422841076	6
148	15	26	-58	31	1422841076	7
148	15	26	-58	31	1422841076	8
148	15	26	-58	31	1422841076	9
146	15	11	-59	31	1422841076	0
146	15	11	-59	31	1422841076	1
146	15	11	-59	31	1422841076	2
146	15	11	-59	31	1422841076	3
146	15	11	-59	31	1422841076	4
146	15	11	-59	31	1422841076	5
146	15	11	-59	31	1422841076	6
146	15	11	-59	31	1422841076	7
146	15	11	-59	31	1422841076	8
146	15	11	-59	31	1422841076	9
154	15	11	-78	31	1422841076	0
154	15	11	-78	31	1422841076	1
154	15	11	-79	31	1422841076	2
154	15	11	-78	31	1422841076	3
154	15	11	-78	31	1422841076	4
154	15	11	-79	31	1422841076	5
154	15	11	-78	31	1422841076	6
154	15	11	-78	31	1422841076	7
154	15	11	-78	31	1422841076	8
154	15	11	-79	31	1422841076	9
11	15	11	-66	31	1422841076	0
11	15	11	-66	31	1422841076	1
11	15	11	-66	31	1422841076	2
11	15	11	-66	31	1422841076	3
11	15	11	-66	31	1422841076	4
11	15	11	-66	31	1422841076	5
11	15	11	-66	31	1422841076	6
11	15	11	-66	31	1422841076	7
11	15	11	-66	31	1422841076	8
11	15	11	-66	31	1422841076	9
148	146	26	-68	31	1422841080	0
148	146	26	-68	31	1422841080	1
148	146	26	-68	31	1422841080	2
148	146	26	-68	31	1422841080	3
148	146	26	-68	31	1422841080	4
148	146	26	-68	31	1422841080	5
148	146	26	-68	31	1422841080	6
148	146	26	-68	31	1422841080	7
148	146	26	-68	31	1422841080	8
148	146	26	-68	31	1422841080	9
154	146	11	-89	31	1422841080	0
154	146	11	-89	31	1422841080	1
154	146	11	-89	31	1422841080	2
154	146	11	-89	31	1422841080	3
154	146	11	-89	31	1422841080	4
154	146	11	-89	31	1422841080	5
154	146	11	-89	31	1422841080	6
154	146	11	-89	31	1422841080	7
154	146	11	-89	31	1422841080	8
154	146	11	-89	31	1422841080	9
11	146	11	-74	31	1422841080	0
11	146	11	-74	31	1422841080	1
11	146	11	-74	31	1422841080	2
11	146	11	-74	31	1422841080	3
11	146	11	-74	31	1422841080	4
11	146	11	-74	31	1422841080	5
11	146	11	-74	31	1422841080	6
11	146	11	-74	31	1422841080	7
11	146	11	-74	31	1422841080	8
11	146	11	-74	31	1422841080	9
148	154	26	-61	31	1422841083	0
148	154	26	-61	31	1422841083	1
148	154	26	-61	31	1422841083	2
148	154	26	-61	31	1422841083	3
148	154	26	-61	31	1422841083	4
148	154	26	-61	31	1422841083	5
148	154	26	-61	31	1422841083	6
148	154	26	-61	31	1422841083	7
148	154	26	-61	31	1422841083	8
148	154	26	-61	31	1422841083	9
146	154	11	-91	31	1422841083	0
146	154	11	-90	31	1422841083	1
146	154	11	-91	31	1422841083	2
146	154	11	-90	31	1422841083	3
146	154	11	-91	31	1422841083	4
146	154	11	-91	31	1422841083	5
146	154	11	-91	31	1422841083	6
146	154	11	-91	31	1422841083	7
146	154	11	-91	31	1422841083	8
146	154	11	-90	31	1422841083	9
11	154	11	-84	31	1422841083	0
11	154	11	-84	31	1422841083	1
11	154	11	-84	31	1422841083	2
11	154	11	-84	31	1422841083	3
11	154	11	-84	31	1422841083	4
11	154	11	-84	31	1422841083	5
11	154	11	-84	31	1422841083	6
11	154	11	-84	31	1422841083	7
11	154	11	-84	31	1422841083	8
11	154	11	-84	31	1422841083	9
148	11	26	-48	31	1422841087	0
148	11	26	-50	31	1422841087	1
148	11	26	-48	31	1422841087	2
148	11	26	-49	31	1422841087	3
148	11	26	-48	31	1422841087	4
148	11	26	-50	31	1422841087	5
148	11	26	-50	31	1422841087	6
148	11	26	-50	31	1422841087	7
148	11	26	-50	31	1422841087	8
148	11	26	-50	31	1422841087	9
146	11	11	-71	31	1422841087	0
146	11	11	-70	31	1422841087	1
146	11	11	-70	31	1422841087	2
146	11	11	-70	31	1422841087	3
146	11	11	-70	31	1422841087	4
146	11	11	-70	31	1422841087	5
146	11	11	-70	31	1422841087	6
146	11	11	-70	31	1422841087	7
146	11	11	-71	31	1422841087	8
146	11	11	-70	31	1422841087	9
154	11	11	-80	31	1422841087	0
154	11	11	-80	31	1422841087	1
154	11	11	-79	31	1422841087	2
154	11	11	-80	31	1422841087	3
154	11	11	-80	31	1422841087	4
154	11	11	-80	31	1422841087	5
154	11	11	-80	31	1422841087	6
154	11	11	-79	31	1422841087	7
154	11	11	-79	31	1422841087	8
154	11	11	-79	31	1422841087	9
