0	1	11	-57	31	1422212296.76	0
0	1	11	-57	31	1422212296.77	1
0	1	11	-58	31	1422212296.77	2
0	1	11	-58	31	1422212296.77	3
0	1	11	-54	31	1422212296.77	4
0	1	11	-54	31	1422212296.78	5
0	1	11	-58	31	1422212296.78	6
0	1	11	-58	31	1422212296.78	7
0	1	11	-54	31	1422212296.78	8
0	1	11	-58	31	1422212296.78	9
0	1	12	-58	31	1422212296.79	0
0	1	12	-59	31	1422212296.79	1
0	1	12	-59	31	1422212296.79	2
0	1	12	-59	31	1422212296.79	3
0	1	12	-60	31	1422212296.8	4
0	1	12	-60	31	1422212296.8	5
0	1	12	-60	31	1422212296.8	6
0	1	12	-60	31	1422212296.8	7
0	1	12	-60	31	1422212296.81	8
0	1	12	-60	31	1422212296.81	9
0	1	13	-64	31	1422212296.81	0
0	1	13	-65	31	1422212296.81	1
0	1	13	-65	31	1422212296.82	2
0	1	13	-65	31	1422212296.82	3
0	1	13	-66	31	1422212296.82	4
0	1	13	-66	31	1422212296.82	5
0	1	13	-66	31	1422212296.82	6
0	1	13	-66	31	1422212296.83	7
0	1	13	-66	31	1422212296.83	8
0	1	13	-66	31	1422212296.83	9
0	1	14	-66	31	1422212296.83	0
0	1	14	-64	31	1422212296.84	1
0	1	14	-64	31	1422212296.84	2
0	1	14	-64	31	1422212296.84	3
0	1	14	-63	31	1422212296.84	4
0	1	14	-62	31	1422212296.85	5
0	1	14	-62	31	1422212296.85	6
0	1	14	-62	31	1422212296.85	7
0	1	14	-62	31	1422212296.85	8
0	1	14	-62	31	1422212296.86	9
0	1	15	-54	31	1422212296.86	0
0	1	15	-58	31	1422212296.86	1
0	1	15	-54	31	1422212296.86	2
0	1	15	-58	31	1422212296.87	3
0	1	15	-58	31	1422212296.87	4
0	1	15	-58	31	1422212296.87	5
0	1	15	-55	31	1422212296.87	6
0	1	15	-56	31	1422212296.88	7
0	1	15	-56	31	1422212296.88	8
0	1	15	-55	31	1422212296.88	9
0	1	16	-55	31	1422212296.88	0
0	1	16	-55	31	1422212296.88	1
0	1	16	-55	31	1422212296.89	2
0	1	16	-55	31	1422212296.89	3
0	1	16	-55	31	1422212296.89	4
0	1	16	-55	31	1422212296.89	5
0	1	16	-55	31	1422212296.9	6
0	1	16	-55	31	1422212296.9	7
0	1	16	-56	31	1422212296.9	8
0	1	16	-56	31	1422212296.9	9
0	1	17	-56	31	1422212296.91	0
0	1	17	-56	31	1422212296.91	1
0	1	17	-56	31	1422212296.91	2
0	1	17	-56	31	1422212296.91	3
0	1	17	-56	31	1422212296.92	4
0	1	17	-56	31	1422212296.92	5
0	1	17	-56	31	1422212296.92	6
0	1	17	-56	31	1422212296.92	7
0	1	17	-56	31	1422212296.93	8
0	1	17	-56	31	1422212296.93	9
0	1	18	-56	31	1422212296.93	0
0	1	18	-56	31	1422212296.93	1
0	1	18	-56	31	1422212296.94	2
0	1	18	-56	31	1422212296.94	3
0	1	18	-56	31	1422212296.94	4
0	1	18	-56	31	1422212296.94	5
0	1	18	-56	31	1422212296.94	6
0	1	18	-56	31	1422212296.95	7
0	1	18	-57	31	1422212296.95	8
0	1	18	-56	31	1422212296.95	9
0	1	19	-58	31	1422212296.95	0
0	1	19	-58	31	1422212296.96	1
0	1	19	-58	31	1422212296.96	2
0	1	19	-58	31	1422212296.96	3
0	1	19	-58	31	1422212296.96	4
0	1	19	-58	31	1422212296.97	5
0	1	19	-58	31	1422212296.97	6
0	1	19	-55	31	1422212296.97	7
0	1	19	-56	31	1422212296.97	8
0	1	19	-56	31	1422212296.98	9
0	1	20	-60	31	1422212296.98	0
0	1	20	-60	31	1422212296.98	1
0	1	20	-60	31	1422212296.98	2
0	1	20	-60	31	1422212296.99	3
0	1	20	-60	31	1422212296.99	4
0	1	20	-60	31	1422212296.99	5
0	1	20	-61	31	1422212296.99	6
0	1	20	-61	31	1422212296.99	7
0	1	20	-61	31	1422212297.0	8
0	1	20	-61	31	1422212297.0	9
0	1	21	-68	31	1422212297.0	0
0	1	21	-68	31	1422212297.0	1
0	1	21	-68	31	1422212297.01	2
0	1	21	-68	31	1422212297.01	3
0	1	21	-68	31	1422212297.01	4
0	1	21	-68	31	1422212297.01	5
0	1	21	-69	31	1422212297.02	6
0	1	21	-70	31	1422212297.02	7
0	1	21	-69	31	1422212297.02	8
0	1	21	-69	31	1422212297.02	9
0	1	22	-68	31	1422212297.03	0
0	1	22	-68	31	1422212297.03	1
0	1	22	-68	31	1422212297.03	2
0	1	22	-69	31	1422212297.03	3
0	1	22	-70	31	1422212297.04	4
0	1	22	-70	31	1422212297.04	5
0	1	22	-71	31	1422212297.04	6
0	1	22	-70	31	1422212297.04	7
0	1	22	-69	31	1422212297.04	8
0	1	22	-70	31	1422212297.05	9
0	1	23	-69	31	1422212297.05	0
0	1	23	-68	31	1422212297.05	1
0	1	23	-67	31	1422212297.05	2
0	1	23	-66	31	1422212297.06	3
0	1	23	-66	31	1422212297.06	4
0	1	23	-66	31	1422212297.06	5
0	1	23	-66	31	1422212297.06	6
0	1	23	-65	31	1422212297.07	7
0	1	23	-65	31	1422212297.07	8
0	1	23	-65	31	1422212297.07	9
0	1	24	-68	31	1422212297.07	0
0	1	24	-69	31	1422212297.07	1
0	1	24	-70	31	1422212297.08	2
0	1	24	-70	31	1422212297.08	3
0	1	24	-68	31	1422212297.08	4
0	1	24	-64	31	1422212297.08	5
0	1	24	-64	31	1422212297.09	6
0	1	24	-61	31	1422212297.09	7
0	1	24	-60	31	1422212297.09	8
0	1	24	-60	31	1422212297.09	9
0	1	25	-62	31	1422212297.1	0
0	1	25	-60	31	1422212297.1	1
0	1	25	-59	31	1422212297.1	2
0	1	25	-58	31	1422212297.1	3
0	1	25	-54	31	1422212297.11	4
0	1	25	-54	31	1422212297.11	5
0	1	25	-54	31	1422212297.11	6
0	1	25	-54	31	1422212297.11	7
0	1	25	-58	31	1422212297.12	8
0	1	25	-59	31	1422212297.12	9
0	1	26	-62	31	1422212297.12	0
0	1	26	-62	31	1422212297.12	1
0	1	26	-63	31	1422212297.12	2
0	1	26	-63	31	1422212297.13	3
0	1	26	-63	31	1422212297.13	4
0	1	26	-62	31	1422212297.13	5
0	1	26	-62	31	1422212297.13	6
0	1	26	-62	31	1422212297.14	7
0	1	26	-62	31	1422212297.14	8
0	1	26	-61	31	1422212297.14	9
0	2	11	-37	31	1422212299.74	0
0	2	11	-37	31	1422212299.74	1
0	2	11	-38	31	1422212299.74	2
0	2	11	-37	31	1422212299.75	3
0	2	11	-37	31	1422212299.75	4
0	2	11	-37	31	1422212299.75	5
0	2	11	-37	31	1422212299.75	6
0	2	11	-38	31	1422212299.76	7
0	2	11	-37	31	1422212299.76	8
0	2	11	-38	31	1422212299.76	9
0	2	12	-39	31	1422212299.76	0
0	2	12	-39	31	1422212299.77	1
0	2	12	-38	31	1422212299.77	2
0	2	12	-39	31	1422212299.77	3
0	2	12	-39	31	1422212299.77	4
0	2	12	-39	31	1422212299.78	5
0	2	12	-39	31	1422212299.78	6
0	2	12	-39	31	1422212299.78	7
0	2	12	-39	31	1422212299.78	8
0	2	12	-39	31	1422212299.78	9
0	2	13	-39	31	1422212299.79	0
0	2	13	-39	31	1422212299.79	1
0	2	13	-39	31	1422212299.79	2
0	2	13	-39	31	1422212299.79	3
0	2	13	-39	31	1422212299.8	4
0	2	13	-39	31	1422212299.8	5
0	2	13	-39	31	1422212299.8	6
0	2	13	-39	31	1422212299.8	7
0	2	13	-39	31	1422212299.81	8
0	2	13	-39	31	1422212299.81	9
0	2	14	-38	31	1422212299.81	0
0	2	14	-38	31	1422212299.81	1
0	2	14	-38	31	1422212299.82	2
0	2	14	-38	31	1422212299.82	3
0	2	14	-38	31	1422212299.82	4
0	2	14	-38	31	1422212299.82	5
0	2	14	-37	31	1422212299.82	6
0	2	14	-37	31	1422212299.83	7
0	2	14	-38	31	1422212299.83	8
0	2	14	-38	31	1422212299.83	9
0	2	15	-38	31	1422212299.83	0
0	2	15	-38	31	1422212299.84	1
0	2	15	-38	31	1422212299.84	2
0	2	15	-38	31	1422212299.84	3
0	2	15	-38	31	1422212299.84	4
0	2	15	-38	31	1422212299.85	5
0	2	15	-38	31	1422212299.85	6
0	2	15	-38	31	1422212299.85	7
0	2	15	-38	31	1422212299.85	8
0	2	15	-38	31	1422212299.86	9
0	2	16	-37	31	1422212299.86	0
0	2	16	-37	31	1422212299.86	1
0	2	16	-39	31	1422212299.86	2
0	2	16	-39	31	1422212299.86	3
0	2	16	-39	31	1422212299.87	4
0	2	16	-39	31	1422212299.87	5
0	2	16	-38	31	1422212299.87	6
0	2	16	-38	31	1422212299.87	7
0	2	16	-37	31	1422212299.88	8
0	2	16	-37	31	1422212299.88	9
0	2	17	-37	31	1422212299.88	0
0	2	17	-37	31	1422212299.88	1
0	2	17	-37	31	1422212299.89	2
0	2	17	-37	31	1422212299.89	3
0	2	17	-37	31	1422212299.89	4
0	2	17	-37	31	1422212299.89	5
0	2	17	-37	31	1422212299.9	6
0	2	17	-37	31	1422212299.9	7
0	2	17	-37	31	1422212299.9	8
0	2	17	-37	31	1422212299.9	9
0	2	18	-39	31	1422212299.91	0
0	2	18	-39	31	1422212299.91	1
0	2	18	-39	31	1422212299.91	2
0	2	18	-39	31	1422212299.91	3
0	2	18	-39	31	1422212299.91	4
0	2	18	-39	31	1422212299.92	5
0	2	18	-39	31	1422212299.92	6
0	2	18	-39	31	1422212299.92	7
0	2	18	-39	31	1422212299.92	8
0	2	18	-39	31	1422212299.93	9
0	2	19	-39	31	1422212299.93	0
0	2	19	-39	31	1422212299.93	1
0	2	19	-39	31	1422212299.93	2
0	2	19	-39	31	1422212299.94	3
0	2	19	-39	31	1422212299.94	4
0	2	19	-39	31	1422212299.94	5
0	2	19	-39	31	1422212299.94	6
0	2	19	-39	31	1422212299.95	7
0	2	19	-39	31	1422212299.95	8
0	2	19	-39	31	1422212299.95	9
0	2	20	-39	31	1422212299.95	0
0	2	20	-39	31	1422212299.96	1
0	2	20	-39	31	1422212299.96	2
0	2	20	-39	31	1422212299.96	3
0	2	20	-39	31	1422212299.96	4
0	2	20	-39	31	1422212299.96	5
0	2	20	-39	31	1422212299.97	6
0	2	20	-39	31	1422212299.97	7
0	2	20	-39	31	1422212299.97	8
0	2	20	-39	31	1422212299.97	9
0	2	21	-39	31	1422212299.98	0
0	2	21	-39	31	1422212299.98	1
0	2	21	-39	31	1422212299.98	2
0	2	21	-39	31	1422212299.98	3
0	2	21	-39	31	1422212299.99	4
0	2	21	-39	31	1422212299.99	5
0	2	21	-39	31	1422212299.99	6
0	2	21	-39	31	1422212299.99	7
0	2	21	-39	31	1422212300.0	8
0	2	21	-39	31	1422212300.0	9
0	2	22	-39	31	1422212300.0	0
0	2	22	-39	31	1422212300.0	1
0	2	22	-39	31	1422212300.01	2
0	2	22	-39	31	1422212300.01	3
0	2	22	-39	31	1422212300.01	4
0	2	22	-39	31	1422212300.01	5
0	2	22	-39	31	1422212300.01	6
0	2	22	-39	31	1422212300.02	7
0	2	22	-39	31	1422212300.02	8
0	2	22	-39	31	1422212300.02	9
0	2	23	-39	31	1422212300.02	0
0	2	23	-38	31	1422212300.03	1
0	2	23	-38	31	1422212300.03	2
0	2	23	-39	31	1422212300.03	3
0	2	23	-39	31	1422212300.03	4
0	2	23	-39	31	1422212300.04	5
0	2	23	-39	31	1422212300.04	6
0	2	23	-39	31	1422212300.04	7
0	2	23	-39	31	1422212300.04	8
0	2	23	-39	31	1422212300.05	9
0	2	24	-39	31	1422212300.05	0
0	2	24	-39	31	1422212300.05	1
0	2	24	-39	31	1422212300.05	2
0	2	24	-38	31	1422212300.06	3
0	2	24	-37	31	1422212300.06	4
0	2	24	-37	31	1422212300.06	5
0	2	24	-37	31	1422212300.06	6
0	2	24	-37	31	1422212300.06	7
0	2	24	-37	31	1422212300.07	8
0	2	24	-37	31	1422212300.07	9
0	2	25	-37	31	1422212300.07	0
0	2	25	-37	31	1422212300.07	1
0	2	25	-37	31	1422212300.08	2
0	2	25	-37	31	1422212300.08	3
0	2	25	-37	31	1422212300.08	4
0	2	25	-37	31	1422212300.08	5
0	2	25	-37	31	1422212300.09	6
0	2	25	-37	31	1422212300.09	7
0	2	25	-37	31	1422212300.09	8
0	2	25	-37	31	1422212300.09	9
0	2	26	-33	31	1422212300.1	0
0	2	26	-33	31	1422212300.1	1
0	2	26	-32	31	1422212300.1	2
0	2	26	-33	31	1422212300.1	3
0	2	26	-33	31	1422212300.1	4
0	2	26	-33	31	1422212300.11	5
0	2	26	-33	31	1422212300.11	6
0	2	26	-32	31	1422212300.11	7
0	2	26	-33	31	1422212300.11	8
0	2	26	-33	31	1422212300.12	9
1	0	11	-59	31	1422212304.32	0
1	0	11	-59	31	1422212304.33	1
1	0	11	-60	31	1422212304.33	2
1	0	11	-57	31	1422212304.33	3
1	0	11	-60	31	1422212304.33	4
1	0	11	-60	31	1422212304.34	5
1	0	11	-60	31	1422212304.34	6
1	0	11	-60	31	1422212304.34	7
1	0	11	-60	31	1422212304.34	8
1	0	11	-60	31	1422212304.35	9
1	0	12	-59	31	1422212304.35	0
1	0	12	-59	31	1422212304.35	1
1	0	12	-56	31	1422212304.35	2
1	0	12	-59	31	1422212304.36	3
1	0	12	-59	31	1422212304.36	4
1	0	12	-59	31	1422212304.36	5
1	0	12	-59	31	1422212304.36	6
1	0	12	-59	31	1422212304.37	7
1	0	12	-59	31	1422212304.37	8
1	0	12	-57	31	1422212304.37	9
1	0	13	-60	31	1422212304.37	0
1	0	13	-60	31	1422212304.37	1
1	0	13	-60	31	1422212304.38	2
1	0	13	-60	31	1422212304.38	3
1	0	13	-60	31	1422212304.38	4
1	0	13	-60	31	1422212304.38	5
1	0	13	-60	31	1422212304.39	6
1	0	13	-60	31	1422212304.39	7
1	0	13	-60	31	1422212304.39	8
1	0	13	-60	31	1422212304.39	9
1	0	14	-61	31	1422212304.4	0
1	0	14	-61	31	1422212304.4	1
1	0	14	-62	31	1422212304.4	2
1	0	14	-62	31	1422212304.4	3
1	0	14	-62	31	1422212304.41	4
1	0	14	-62	31	1422212304.41	5
1	0	14	-62	31	1422212304.41	6
1	0	14	-61	31	1422212304.41	7
1	0	14	-62	31	1422212304.42	8
1	0	14	-62	31	1422212304.42	9
1	0	15	-60	31	1422212304.42	0
1	0	15	-60	31	1422212304.42	1
1	0	15	-61	31	1422212304.43	2
1	0	15	-60	31	1422212304.43	3
1	0	15	-61	31	1422212304.43	4
1	0	15	-60	31	1422212304.43	5
1	0	15	-60	31	1422212304.43	6
1	0	15	-61	31	1422212304.44	7
1	0	15	-61	31	1422212304.44	8
1	0	15	-61	31	1422212304.44	9
1	0	16	-61	31	1422212304.44	0
1	0	16	-57	31	1422212304.45	1
1	0	16	-59	31	1422212304.45	2
1	0	16	-56	31	1422212304.45	3
1	0	16	-59	31	1422212304.45	4
1	0	16	-59	31	1422212304.46	5
1	0	16	-59	31	1422212304.46	6
1	0	16	-59	31	1422212304.46	7
1	0	16	-56	31	1422212304.46	8
1	0	16	-59	31	1422212304.47	9
1	0	17	-60	31	1422212304.47	0
1	0	17	-60	31	1422212304.47	1
1	0	17	-60	31	1422212304.47	2
1	0	17	-60	31	1422212304.48	3
1	0	17	-60	31	1422212304.48	4
1	0	17	-60	31	1422212304.48	5
1	0	17	-60	31	1422212304.48	6
1	0	17	-60	31	1422212304.48	7
1	0	17	-60	31	1422212304.49	8
1	0	17	-60	31	1422212304.49	9
1	0	18	-54	31	1422212304.49	0
1	0	18	-54	31	1422212304.49	1
1	0	18	-54	31	1422212304.5	2
1	0	18	-54	31	1422212304.5	3
1	0	18	-54	31	1422212304.5	4
1	0	18	-54	31	1422212304.5	5
1	0	18	-54	31	1422212304.51	6
1	0	18	-54	31	1422212304.51	7
1	0	18	-54	31	1422212304.51	8
1	0	18	-54	31	1422212304.51	9
1	0	19	-56	31	1422212304.51	0
1	0	19	-56	31	1422212304.52	1
1	0	19	-59	31	1422212304.52	2
1	0	19	-56	31	1422212304.52	3
1	0	19	-59	31	1422212304.52	4
1	0	19	-59	31	1422212304.53	5
1	0	19	-59	31	1422212304.53	6
1	0	19	-56	31	1422212304.53	7
1	0	19	-59	31	1422212304.53	8
1	0	19	-56	31	1422212304.54	9
1	0	20	-66	31	1422212304.54	0
1	0	20	-66	31	1422212304.54	1
1	0	20	-66	31	1422212304.54	2
1	0	20	-66	31	1422212304.55	3
1	0	20	-66	31	1422212304.55	4
1	0	20	-66	31	1422212304.55	5
1	0	20	-66	31	1422212304.55	6
1	0	20	-66	31	1422212304.56	7
1	0	20	-66	31	1422212304.56	8
1	0	20	-66	31	1422212304.56	9
1	0	21	-66	31	1422212304.56	0
1	0	21	-66	31	1422212304.56	1
1	0	21	-66	31	1422212304.57	2
1	0	21	-66	31	1422212304.57	3
1	0	21	-66	31	1422212304.57	4
1	0	21	-66	31	1422212304.57	5
1	0	21	-67	31	1422212304.58	6
1	0	21	-67	31	1422212304.58	7
1	0	21	-68	31	1422212304.58	9
1	0	22	-62	31	1422212304.58	0
1	0	22	-62	31	1422212304.59	1
1	0	22	-63	31	1422212304.59	2
1	0	22	-64	31	1422212304.59	3
1	0	22	-64	31	1422212304.59	4
1	0	22	-65	31	1422212304.6	5
1	0	22	-66	31	1422212304.6	6
1	0	22	-68	31	1422212304.6	7
1	0	22	-68	31	1422212304.6	8
1	0	22	-70	31	1422212304.61	9
1	0	23	-62	31	1422212304.61	0
1	0	23	-61	31	1422212304.61	1
1	0	23	-61	31	1422212304.61	2
1	0	23	-60	31	1422212304.61	3
1	0	23	-60	31	1422212304.62	4
1	0	23	-60	31	1422212304.62	5
1	0	23	-60	31	1422212304.62	6
1	0	23	-60	31	1422212304.62	7
1	0	23	-60	31	1422212304.63	8
1	0	23	-60	31	1422212304.63	9
1	0	24	-58	31	1422212304.63	0
1	0	24	-56	31	1422212304.63	1
1	0	24	-56	31	1422212304.64	2
1	0	24	-58	31	1422212304.64	3
1	0	24	-58	31	1422212304.64	4
1	0	24	-56	31	1422212304.64	5
1	0	24	-54	31	1422212304.65	6
1	0	24	-54	31	1422212304.65	7
1	0	24	-58	31	1422212304.65	8
1	0	24	-57	31	1422212304.65	9
1	0	25	-49	31	1422212304.66	0
1	0	25	-53	31	1422212304.66	1
1	0	25	-52	31	1422212304.66	2
1	0	25	-49	31	1422212304.66	3
1	0	25	-52	31	1422212304.66	4
1	0	25	-51	31	1422212304.67	5
1	0	25	-51	31	1422212304.67	6
1	0	25	-48	31	1422212304.67	7
1	0	25	-49	31	1422212304.67	8
1	0	25	-49	31	1422212304.68	9
1	0	26	-55	31	1422212304.68	0
1	0	26	-55	31	1422212304.68	1
1	0	26	-56	31	1422212304.68	2
1	0	26	-56	31	1422212304.69	3
1	0	26	-57	31	1422212304.69	4
1	0	26	-54	31	1422212304.69	5
1	0	26	-55	31	1422212304.69	6
1	0	26	-59	31	1422212304.7	7
1	0	26	-61	31	1422212304.7	8
1	0	26	-62	31	1422212304.7	9
0	2	26	-33	31	1422212304.7	9
1	2	11	-50	31	1422212307.3	0
1	2	11	-48	31	1422212307.3	1
1	2	11	-51	31	1422212307.31	2
1	2	11	-49	31	1422212307.31	3
1	2	11	-51	31	1422212307.31	4
1	2	11	-51	31	1422212307.31	5
1	2	11	-52	31	1422212307.31	6
1	2	11	-53	31	1422212307.32	7
1	2	11	-53	31	1422212307.32	8
1	2	11	-54	31	1422212307.32	9
1	2	12	-47	31	1422212307.32	0
1	2	12	-47	31	1422212307.33	1
1	2	12	-49	31	1422212307.33	2
1	2	12	-47	31	1422212307.33	3
1	2	12	-47	31	1422212307.33	4
1	2	12	-47	31	1422212307.34	5
1	2	12	-47	31	1422212307.34	6
1	2	12	-47	31	1422212307.34	7
1	2	12	-47	31	1422212307.34	8
1	2	12	-49	31	1422212307.35	9
1	2	13	-51	31	1422212307.35	0
1	2	13	-49	31	1422212307.35	1
1	2	13	-51	31	1422212307.35	2
1	2	13	-49	31	1422212307.36	3
1	2	13	-51	31	1422212307.36	4
1	2	13	-51	31	1422212307.36	5
1	2	13	-49	31	1422212307.36	6
1	2	13	-51	31	1422212307.37	7
1	2	13	-51	31	1422212307.37	8
1	2	13	-52	31	1422212307.37	9
1	2	14	-55	31	1422212307.37	0
1	2	14	-56	31	1422212307.37	1
1	2	14	-56	31	1422212307.38	2
1	2	14	-56	31	1422212307.38	3
1	2	14	-56	31	1422212307.38	4
1	2	14	-57	31	1422212307.38	5
1	2	14	-57	31	1422212307.39	6
1	2	14	-57	31	1422212307.39	7
1	2	14	-57	31	1422212307.39	8
1	2	14	-58	31	1422212307.39	9
1	2	15	-61	31	1422212307.4	0
1	2	15	-62	31	1422212307.4	1
1	2	15	-62	31	1422212307.4	2
1	2	15	-62	31	1422212307.4	3
1	2	15	-62	31	1422212307.41	4
1	2	15	-62	31	1422212307.41	5
1	2	15	-62	31	1422212307.41	6
1	2	15	-63	31	1422212307.41	7
1	2	15	-64	31	1422212307.41	8
1	2	15	-64	31	1422212307.42	9
1	2	16	-53	31	1422212307.42	0
1	2	16	-52	31	1422212307.42	1
1	2	16	-52	31	1422212307.42	2
1	2	16	-51	31	1422212307.43	3
1	2	16	-51	31	1422212307.43	4
1	2	16	-50	31	1422212307.43	5
1	2	16	-50	31	1422212307.43	6
1	2	16	-49	31	1422212307.44	7
1	2	16	-51	31	1422212307.44	8
1	2	16	-49	31	1422212307.44	9
1	2	17	-51	31	1422212307.44	0
1	2	17	-51	31	1422212307.45	1
1	2	17	-49	31	1422212307.45	2
1	2	17	-51	31	1422212307.45	3
1	2	17	-51	31	1422212307.45	4
1	2	17	-50	31	1422212307.46	5
1	2	17	-52	31	1422212307.46	6
1	2	17	-52	31	1422212307.46	7
1	2	17	-51	31	1422212307.46	8
1	2	17	-52	31	1422212307.46	9
1	2	18	-51	31	1422212307.47	0
1	2	18	-51	31	1422212307.47	1
1	2	18	-50	31	1422212307.47	2
1	2	18	-52	31	1422212307.47	3
1	2	18	-51	31	1422212307.48	4
1	2	18	-51	31	1422212307.48	5
1	2	18	-50	31	1422212307.48	6
1	2	18	-51	31	1422212307.48	7
1	2	18	-51	31	1422212307.49	8
1	2	18	-50	31	1422212307.49	9
1	2	19	-50	31	1422212307.49	0
1	2	19	-50	31	1422212307.49	1
1	2	19	-47	31	1422212307.5	2
1	2	19	-50	31	1422212307.5	3
1	2	19	-50	31	1422212307.5	4
1	2	19	-48	31	1422212307.5	5
1	2	19	-51	31	1422212307.51	6
1	2	19	-51	31	1422212307.51	7
1	2	19	-49	31	1422212307.51	8
1	2	19	-51	31	1422212307.51	9
1	2	20	-48	31	1422212307.52	0
1	2	20	-51	31	1422212307.52	1
1	2	20	-51	31	1422212307.52	2
1	2	20	-51	31	1422212307.52	3
1	2	20	-51	31	1422212307.53	4
1	2	20	-51	31	1422212307.53	5
1	2	20	-48	31	1422212307.53	6
1	2	20	-49	31	1422212307.53	7
1	2	20	-51	31	1422212307.53	8
1	2	20	-49	31	1422212307.54	9
1	2	21	-47	31	1422212307.54	0
1	2	21	-47	31	1422212307.54	1
1	2	21	-47	31	1422212307.54	2
1	2	21	-49	31	1422212307.55	3
1	2	21	-49	31	1422212307.55	4
1	2	21	-47	31	1422212307.55	5
1	2	21	-49	31	1422212307.55	6
1	2	21	-49	31	1422212307.56	7
1	2	21	-48	31	1422212307.56	8
1	2	21	-48	31	1422212307.56	9
1	2	22	-47	31	1422212307.56	0
1	2	22	-46	31	1422212307.57	1
1	2	22	-45	31	1422212307.57	2
1	2	22	-46	31	1422212307.57	3
1	2	22	-45	31	1422212307.57	4
1	2	22	-45	31	1422212307.57	5
1	2	22	-46	31	1422212307.58	6
1	2	22	-46	31	1422212307.58	7
1	2	22	-46	31	1422212307.58	8
1	2	22	-46	31	1422212307.58	9
1	2	23	-45	31	1422212307.59	0
1	2	23	-45	31	1422212307.59	1
1	2	23	-45	31	1422212307.59	2
1	2	23	-45	31	1422212307.59	3
1	2	23	-44	31	1422212307.6	4
1	2	23	-44	31	1422212307.6	5
1	2	23	-43	31	1422212307.6	6
1	2	23	-43	31	1422212307.6	7
1	2	23	-43	31	1422212307.61	8
1	2	23	-43	31	1422212307.61	9
1	2	24	-47	31	1422212307.61	0
1	2	24	-50	31	1422212307.61	1
1	2	24	-48	31	1422212307.61	2
1	2	24	-48	31	1422212307.62	3
1	2	24	-49	31	1422212307.62	4
1	2	24	-51	31	1422212307.62	5
1	2	24	-52	31	1422212307.62	6
1	2	24	-50	31	1422212307.63	7
1	2	24	-53	31	1422212307.63	8
1	2	24	-55	31	1422212307.63	9
1	2	25	-52	31	1422212307.63	0
1	2	25	-51	31	1422212307.64	1
1	2	25	-50	31	1422212307.64	2
1	2	25	-51	31	1422212307.64	3
1	2	25	-49	31	1422212307.64	4
1	2	25	-51	31	1422212307.65	5
1	2	25	-47	31	1422212307.65	6
1	2	25	-47	31	1422212307.65	7
1	2	25	-47	31	1422212307.65	8
1	2	25	-46	31	1422212307.66	9
1	2	26	-45	31	1422212307.66	0
1	2	26	-45	31	1422212307.66	1
1	2	26	-45	31	1422212307.66	2
1	2	26	-45	31	1422212307.66	3
1	2	26	-45	31	1422212307.67	4
1	2	26	-45	31	1422212307.67	5
1	2	26	-45	31	1422212307.67	6
1	2	26	-45	31	1422212307.67	7
1	2	26	-45	31	1422212307.68	8
1	2	26	-45	31	1422212307.68	9
2	0	11	-37	31	1422212311.96	0
2	0	11	-37	31	1422212311.97	1
2	0	11	-37	31	1422212311.97	2
2	0	11	-37	31	1422212311.97	3
2	0	11	-37	31	1422212311.97	4
2	0	11	-38	31	1422212311.98	5
2	0	11	-38	31	1422212311.98	6
2	0	11	-38	31	1422212311.98	7
2	0	11	-39	31	1422212311.98	8
2	0	11	-39	31	1422212311.98	9
2	0	12	-38	31	1422212311.99	0
2	0	12	-38	31	1422212311.99	1
2	0	12	-38	31	1422212311.99	2
2	0	12	-37	31	1422212311.99	3
2	0	12	-37	31	1422212312.0	4
2	0	12	-35	31	1422212312.0	5
2	0	12	-37	31	1422212312.0	6
2	0	12	-37	31	1422212312.0	7
2	0	12	-37	31	1422212312.01	8
2	0	12	-37	31	1422212312.01	9
2	0	13	-37	31	1422212312.01	0
2	0	13	-37	31	1422212312.01	1
2	0	13	-37	31	1422212312.02	2
2	0	13	-37	31	1422212312.02	3
2	0	13	-37	31	1422212312.02	4
2	0	13	-37	31	1422212312.02	5
2	0	13	-37	31	1422212312.03	6
2	0	13	-37	31	1422212312.03	7
2	0	13	-37	31	1422212312.03	8
2	0	13	-37	31	1422212312.03	9
2	0	14	-37	31	1422212312.03	0
2	0	14	-37	31	1422212312.04	1
2	0	14	-37	31	1422212312.04	2
2	0	14	-37	31	1422212312.04	3
2	0	14	-37	31	1422212312.04	4
2	0	14	-37	31	1422212312.05	5
2	0	14	-37	31	1422212312.05	6
2	0	14	-37	31	1422212312.05	7
2	0	14	-37	31	1422212312.05	8
2	0	14	-37	31	1422212312.06	9
2	0	15	-37	31	1422212312.06	0
2	0	15	-37	31	1422212312.06	1
2	0	15	-37	31	1422212312.06	2
2	0	15	-37	31	1422212312.07	3
2	0	15	-37	31	1422212312.07	4
2	0	15	-37	31	1422212312.07	5
2	0	15	-37	31	1422212312.07	6
2	0	15	-37	31	1422212312.08	7
2	0	15	-37	31	1422212312.08	8
2	0	15	-37	31	1422212312.08	9
2	0	16	-37	31	1422212312.08	0
2	0	16	-37	31	1422212312.08	1
2	0	16	-37	31	1422212312.09	2
2	0	16	-37	31	1422212312.09	3
2	0	16	-37	31	1422212312.09	4
2	0	16	-37	31	1422212312.09	5
2	0	16	-37	31	1422212312.1	6
2	0	16	-37	31	1422212312.1	7
2	0	16	-37	31	1422212312.1	8
2	0	16	-37	31	1422212312.1	9
2	0	17	-37	31	1422212312.11	0
2	0	17	-37	31	1422212312.11	1
2	0	17	-37	31	1422212312.11	2
2	0	17	-37	31	1422212312.11	3
2	0	17	-37	31	1422212312.12	4
2	0	17	-37	31	1422212312.12	5
2	0	17	-37	31	1422212312.12	6
2	0	17	-37	31	1422212312.12	7
2	0	17	-37	31	1422212312.13	8
2	0	17	-37	31	1422212312.13	9
2	0	18	-38	31	1422212312.13	0
2	0	18	-37	31	1422212312.13	1
2	0	18	-38	31	1422212312.13	2
2	0	18	-38	31	1422212312.14	3
2	0	18	-38	31	1422212312.14	4
2	0	18	-38	31	1422212312.14	5
2	0	18	-38	31	1422212312.14	6
2	0	18	-38	31	1422212312.15	7
2	0	18	-38	31	1422212312.15	8
2	0	18	-38	31	1422212312.15	9
2	0	19	-38	31	1422212312.15	0
2	0	19	-39	31	1422212312.16	1
2	0	19	-39	31	1422212312.16	2
2	0	19	-39	31	1422212312.16	3
2	0	19	-39	31	1422212312.16	4
2	0	19	-39	31	1422212312.17	5
2	0	19	-39	31	1422212312.17	6
2	0	19	-39	31	1422212312.17	7
2	0	19	-39	31	1422212312.17	8
2	0	19	-39	31	1422212312.18	9
2	0	20	-39	31	1422212312.18	0
2	0	20	-39	31	1422212312.18	1
2	0	20	-39	31	1422212312.18	2
2	0	20	-39	31	1422212312.18	3
2	0	20	-39	31	1422212312.19	4
2	0	20	-39	31	1422212312.19	5
2	0	20	-39	31	1422212312.19	6
2	0	20	-39	31	1422212312.19	7
2	0	20	-39	31	1422212312.2	8
2	0	20	-39	31	1422212312.2	9
2	0	21	-39	31	1422212312.2	0
2	0	21	-39	31	1422212312.2	1
2	0	21	-39	31	1422212312.21	2
2	0	21	-39	31	1422212312.21	3
2	0	21	-39	31	1422212312.21	4
2	0	21	-39	31	1422212312.21	5
2	0	21	-39	31	1422212312.22	6
2	0	21	-39	31	1422212312.22	7
2	0	21	-39	31	1422212312.22	8
2	0	21	-39	31	1422212312.22	9
2	0	22	-39	31	1422212312.22	0
2	0	22	-39	31	1422212312.23	1
2	0	22	-39	31	1422212312.23	2
2	0	22	-39	31	1422212312.23	3
2	0	22	-39	31	1422212312.23	4
2	0	22	-39	31	1422212312.24	5
2	0	22	-39	31	1422212312.24	6
2	0	22	-39	31	1422212312.24	7
2	0	22	-39	31	1422212312.24	8
2	0	22	-39	31	1422212312.25	9
2	0	23	-39	31	1422212312.25	0
2	0	23	-39	31	1422212312.25	1
2	0	23	-39	31	1422212312.25	2
2	0	23	-39	31	1422212312.26	3
2	0	23	-39	31	1422212312.26	4
2	0	23	-39	31	1422212312.26	5
2	0	23	-39	31	1422212312.26	6
2	0	23	-40	31	1422212312.27	7
2	0	23	-40	31	1422212312.27	8
2	0	23	-40	31	1422212312.27	9
2	0	24	-43	31	1422212312.27	0
2	0	24	-43	31	1422212312.27	1
2	0	24	-43	31	1422212312.28	2
2	0	24	-42	31	1422212312.28	3
2	0	24	-41	31	1422212312.28	4
2	0	24	-41	31	1422212312.28	5
2	0	24	-40	31	1422212312.29	6
2	0	24	-40	31	1422212312.29	7
2	0	24	-40	31	1422212312.29	8
2	0	24	-39	31	1422212312.29	9
2	0	25	-42	31	1422212312.3	0
2	0	25	-43	31	1422212312.3	1
2	0	25	-43	31	1422212312.3	2
2	0	25	-43	31	1422212312.3	3
2	0	25	-45	31	1422212312.31	4
2	0	25	-44	31	1422212312.31	5
2	0	25	-45	31	1422212312.31	6
2	0	25	-45	31	1422212312.31	7
2	0	25	-45	31	1422212312.32	8
2	0	25	-45	31	1422212312.32	9
2	0	26	-44	31	1422212312.32	0
2	0	26	-44	31	1422212312.32	1
2	0	26	-45	31	1422212312.32	2
2	0	26	-45	31	1422212312.33	3
2	0	26	-45	31	1422212312.33	4
2	0	26	-45	31	1422212312.33	5
2	0	26	-45	31	1422212312.33	6
2	0	26	-45	31	1422212312.34	7
2	0	26	-45	31	1422212312.34	8
2	0	26	-45	31	1422212312.34	9
2	1	11	-43	31	1422212315.29	0
2	1	11	-42	31	1422212315.29	1
2	1	11	-43	31	1422212315.29	2
2	1	11	-42	31	1422212315.29	3
2	1	11	-43	31	1422212315.3	4
2	1	11	-43	31	1422212315.3	5
2	1	11	-43	31	1422212315.3	6
2	1	11	-43	31	1422212315.3	7
2	1	11	-43	31	1422212315.31	8
2	1	11	-43	31	1422212315.31	9
2	1	12	-43	31	1422212315.31	0
2	1	12	-43	31	1422212315.31	1
2	1	12	-43	31	1422212315.32	2
2	1	12	-43	31	1422212315.32	3
2	1	12	-43	31	1422212315.32	4
2	1	12	-43	31	1422212315.32	5
2	1	12	-43	31	1422212315.33	6
2	1	12	-43	31	1422212315.33	7
2	1	12	-43	31	1422212315.33	8
2	1	12	-43	31	1422212315.33	9
2	1	13	-43	31	1422212315.34	0
2	1	13	-43	31	1422212315.34	1
2	1	13	-43	31	1422212315.34	2
2	1	13	-43	31	1422212315.34	3
2	1	13	-43	31	1422212315.34	4
2	1	13	-43	31	1422212315.35	5
2	1	13	-43	31	1422212315.35	6
2	1	13	-43	31	1422212315.35	7
2	1	13	-44	31	1422212315.35	8
2	1	13	-44	31	1422212315.36	9
2	1	14	-45	31	1422212315.36	0
2	1	14	-44	31	1422212315.36	1
2	1	14	-43	31	1422212315.36	2
2	1	14	-45	31	1422212315.37	3
2	1	14	-45	31	1422212315.37	4
2	1	14	-45	31	1422212315.37	5
2	1	14	-44	31	1422212315.37	6
2	1	14	-45	31	1422212315.38	7
2	1	14	-44	31	1422212315.38	8
2	1	14	-45	31	1422212315.38	9
2	1	15	-46	31	1422212315.38	0
2	1	15	-49	31	1422212315.39	1
2	1	15	-47	31	1422212315.39	2
2	1	15	-49	31	1422212315.39	3
2	1	15	-46	31	1422212315.39	4
2	1	15	-49	31	1422212315.39	5
2	1	15	-49	31	1422212315.4	6
2	1	15	-45	31	1422212315.4	7
2	1	15	-49	31	1422212315.4	8
2	1	15	-46	31	1422212315.4	9
2	1	16	-51	31	1422212315.41	0
2	1	16	-47	31	1422212315.41	1
2	1	16	-51	31	1422212315.41	2
2	1	16	-47	31	1422212315.41	3
2	1	16	-50	31	1422212315.42	4
2	1	16	-48	31	1422212315.42	5
2	1	16	-50	31	1422212315.42	6
2	1	16	-51	31	1422212315.42	7
2	1	16	-47	31	1422212315.43	8
2	1	16	-47	31	1422212315.43	9
2	1	17	-50	31	1422212315.43	0
2	1	17	-50	31	1422212315.43	1
2	1	17	-47	31	1422212315.44	2
2	1	17	-47	31	1422212315.44	3
2	1	17	-47	31	1422212315.44	4
2	1	17	-50	31	1422212315.44	5
2	1	17	-47	31	1422212315.45	6
2	1	17	-47	31	1422212315.45	7
2	1	17	-50	31	1422212315.45	8
2	1	17	-50	31	1422212315.45	9
2	1	18	-49	31	1422212315.46	0
2	1	18	-51	31	1422212315.46	1
2	1	18	-51	31	1422212315.46	2
2	1	18	-51	31	1422212315.46	3
2	1	18	-51	31	1422212315.46	4
2	1	18	-51	31	1422212315.47	5
2	1	18	-49	31	1422212315.47	6
2	1	18	-51	31	1422212315.47	7
2	1	18	-49	31	1422212315.47	8
2	1	18	-48	31	1422212315.48	9
2	1	19	-53	31	1422212315.48	0
2	1	19	-53	31	1422212315.48	1
2	1	19	-51	31	1422212315.48	2
2	1	19	-51	31	1422212315.49	3
2	1	19	-53	31	1422212315.49	4
2	1	19	-53	31	1422212315.49	5
2	1	19	-53	31	1422212315.49	6
2	1	19	-54	31	1422212315.5	7
2	1	19	-53	31	1422212315.5	8
2	1	19	-54	31	1422212315.5	9
2	1	20	-56	31	1422212315.5	0
2	1	20	-53	31	1422212315.5	1
2	1	20	-53	31	1422212315.51	2
2	1	20	-53	31	1422212315.51	3
2	1	20	-56	31	1422212315.51	4
2	1	20	-56	31	1422212315.51	5
2	1	20	-56	31	1422212315.52	6
2	1	20	-56	31	1422212315.52	7
2	1	20	-56	31	1422212315.52	8
2	1	20	-56	31	1422212315.52	9
2	1	21	-53	31	1422212315.53	0
2	1	21	-56	31	1422212315.53	1
2	1	21	-55	31	1422212315.53	2
2	1	21	-55	31	1422212315.53	3
2	1	21	-55	31	1422212315.53	4
2	1	21	-55	31	1422212315.54	5
2	1	21	-55	31	1422212315.54	6
2	1	21	-55	31	1422212315.54	7
2	1	21	-55	31	1422212315.54	8
2	1	21	-55	31	1422212315.55	9
2	1	22	-54	31	1422212315.55	0
2	1	22	-54	31	1422212315.55	1
2	1	22	-56	31	1422212315.55	2
2	1	22	-61	31	1422212315.56	3
2	1	22	-62	31	1422212315.56	4
2	1	22	-62	31	1422212315.56	5
2	1	22	-61	31	1422212315.56	6
2	1	22	-60	31	1422212315.57	7
2	1	22	-56	31	1422212315.57	8
2	1	22	-56	31	1422212315.57	9
2	1	23	-62	31	1422212315.57	0
2	1	23	-62	31	1422212315.58	1
2	1	23	-62	31	1422212315.58	2
2	1	23	-62	31	1422212315.58	3
2	1	23	-62	31	1422212315.58	4
2	1	23	-62	31	1422212315.58	5
2	1	23	-62	31	1422212315.59	6
2	1	23	-62	31	1422212315.59	7
2	1	23	-62	31	1422212315.59	8
2	1	23	-61	31	1422212315.59	9
2	1	24	-61	31	1422212315.6	0
2	1	24	-62	31	1422212315.6	1
2	1	24	-62	31	1422212315.6	2
2	1	24	-62	31	1422212315.6	3
2	1	24	-62	31	1422212315.61	4
2	1	24	-60	31	1422212315.61	5
2	1	24	-60	31	1422212315.61	6
2	1	24	-59	31	1422212315.61	7
2	1	24	-56	31	1422212315.62	8
2	1	24	-56	31	1422212315.62	9
2	1	25	-55	31	1422212315.62	0
2	1	25	-55	31	1422212315.62	1
2	1	25	-58	31	1422212315.63	2
2	1	25	-60	31	1422212315.63	3
2	1	25	-60	31	1422212315.63	4
2	1	25	-62	31	1422212315.63	5
2	1	25	-65	31	1422212315.63	6
2	1	25	-72	31	1422212315.64	7
2	1	25	-70	31	1422212315.64	8
2	1	25	-65	31	1422212315.64	9
2	1	26	-52	31	1422212315.64	0
2	1	26	-50	31	1422212315.65	1
2	1	26	-49	31	1422212315.65	2
2	1	26	-52	31	1422212315.65	3
2	1	26	-52	31	1422212315.65	4
2	1	26	-52	31	1422212315.66	5
2	1	26	-53	31	1422212315.66	6
2	1	26	-53	31	1422212315.66	7
2	1	26	-53	31	1422212315.66	