0	10	11	-87	31	1422417589	0
0	10	11	-87	31	1422417589	1
0	10	11	-87	31	1422417589	2
0	10	11	-87	31	1422417589	3
0	10	11	-87	31	1422417589	4
0	10	11	-87	31	1422417589	5
0	10	11	-87	31	1422417589	6
0	10	11	-87	31	1422417589	7
0	10	11	-87	31	1422417589	8
0	10	11	-86	31	1422417589	9
0	10	12	-88	31	1422417589	0
0	10	12	-87	31	1422417589	1
0	10	12	-88	31	1422417589	2
0	10	12	-88	31	1422417589	3
0	10	12	-88	31	1422417589	4
0	10	12	-88	31	1422417589	5
0	10	12	-88	31	1422417589	6
0	10	12	-88	31	1422417589	7
0	10	12	-88	31	1422417589	8
0	10	12	-88	31	1422417589	9
0	10	13	-89	31	1422417589	0
0	10	13	-89	31	1422417589	1
0	10	13	-89	31	1422417589	2
0	10	13	-89	31	1422417589	3
0	10	13	-89	31	1422417589	4
0	10	13	-89	31	1422417589	5
0	10	13	-89	31	1422417589	6
0	10	13	-89	31	1422417589	7
0	10	13	-89	31	1422417589	8
0	10	13	-89	31	1422417589	9
0	10	14	-91	31	1422417589	0
0	10	14	-91	31	1422417589	1
0	10	14	-91	31	1422417589	2
0	10	14	-90	31	1422417589	3
0	10	14	-91	31	1422417589	4
0	10	14	-91	31	1422417589	5
0	10	14	-90	31	1422417589	6
0	10	14	-91	31	1422417589	7
0	10	14	-91	31	1422417589	8
0	10	14	-90	31	1422417589	9
0	10	15	-92	31	1422417589	0
0	10	15	-92	31	1422417589	4
0	10	15	-91	31	1422417589	6
0	10	15	-92	31	1422417589	7
0	10	15	-92	31	1422417589	8
0	10	0	0	31	1422417589	0
0	10	0	0	31	1422417589	0
0	10	0	0	31	1422417589	0
0	10	0	0	31	1422417589	0
0	10	0	0	31	1422417589	0
0	10	0	0	31	1422417589	0
0	10	0	0	31	1422417589	0
0	10	0	0	31	1422417589	0
0	10	0	0	31	1422417589	0
0	10	0	0	31	1422417589	0
0	10	0	0	31	1422417589	0
0	10	0	0	31	1422417589	0
0	10	0	0	31	1422417589	0
0	10	0	0	31	1422417589	0
0	10	0	0	31	1422417589	0
0	10	0	0	31	1422417589	0
0	10	0	0	31	1422417589	0
0	10	0	0	31	1422417589	0
0	10	0	0	31	1422417589	0
0	10	0	0	31	1422417589	0
0	10	0	0	31	1422417589	0
0	10	0	0	31	1422417589	0
0	10	0	0	31	1422417589	0
0	10	0	0	31	1422417589	0
0	10	0	0	31	1422417589	0
0	10	0	0	31	1422417589	0
0	10	0	0	31	1422417589	0
0	10	0	0	31	1422417589	0
0	10	0	0	31	1422417589	0
0	10	0	0	31	1422417589	0
0	10	0	0	31	1422417589	0
0	10	0	0	31	1422417589	0
0	10	0	0	31	1422417589	0
0	10	0	0	31	1422417589	0
0	10	0	0	31	1422417589	0
0	10	0	0	31	1422417589	0
0	10	0	0	31	1422417589	0
0	10	0	0	31	1422417589	0
0	10	0	0	31	1422417589	0
0	10	0	0	31	1422417589	0
0	10	0	0	31	1422417589	0
0	10	0	0	31	1422417589	0
0	10	0	0	31	1422417589	0
0	10	0	0	31	1422417589	0
0	10	0	0	31	1422417589	0
0	10	0	0	31	1422417589	0
0	10	0	0	31	1422417589	0
0	10	0	0	31	1422417589	0
0	10	0	0	31	1422417589	0
0	10	0	0	31	1422417589	0
0	10	0	0	31	1422417589	0
0	10	0	0	31	1422417589	0
0	10	0	0	31	1422417589	0
0	10	0	0	31	1422417589	0
0	10	0	0	31	1422417589	0
0	10	0	0	31	1422417589	0
0	10	0	0	31	1422417589	0
0	10	0	0	31	1422417589	0
0	10	0	0	31	1422417589	0
0	10	0	0	31	1422417589	0
0	10	0	0	31	1422417589	0
0	10	0	0	31	1422417589	0
0	10	0	0	31	1422417589	0
0	10	0	0	31	1422417589	0
0	10	0	0	31	1422417589	0
0	10	0	0	31	1422417589	0
0	10	0	0	31	1422417589	0
0	10	0	0	31	1422417589	0
0	10	0	0	31	1422417589	0
0	10	0	0	31	1422417589	0
0	10	0	0	31	1422417589	0
0	10	0	0	31	1422417589	0
0	10	0	0	31	1422417589	0
0	10	0	0	31	1422417589	0
0	10	0	0	31	1422417589	0
0	10	0	0	31	1422417589	0
0	10	0	0	31	1422417589	0
0	10	0	0	31	1422417589	0
0	10	0	0	31	1422417589	0
0	10	0	0	31	1422417589	0
0	10	0	0	31	1422417589	0
0	10	0	0	31	1422417589	0
0	10	0	0	31	1422417589	0
0	10	0	0	31	1422417589	0
0	10	0	0	31	1422417589	0
0	10	0	0	31	1422417589	0
0	10	0	0	31	1422417589	0
0	10	0	0	31	1422417589	0
0	10	0	0	31	1422417589	0
0	10	0	0	31	1422417589	0
0	10	0	0	31	1422417589	0
0	10	0	0	31	1422417589	0
0	10	0	0	31	1422417589	0
0	10	0	0	31	1422417589	0
0	10	0	0	31	1422417589	0
0	10	0	0	31	1422417589	0
0	10	0	0	31	1422417589	0
0	10	0	0	31	1422417589	0
0	10	0	0	31	1422417589	0
0	10	0	0	31	1422417589	0
0	10	0	0	31	1422417589	0
0	10	0	0	31	1422417589	0
0	10	0	0	31	1422417589	0
0	10	0	0	31	1422417589	0
0	10	0	0	31	1422417589	0
0	10	0	0	31	1422417589	0
0	10	0	0	31	1422417589	0
0	10	0	0	31	1422417589	0
0	10	0	0	31	1422417589	0
0	10	0	0	31	1422417589	0
0	10	0	0	31	1422417589	0
0	10	0	0	31	1422417589	0
0	10	0	0	31	1422417589	0
0	10	0	0	31	1422417589	0
0	10	0	0	31	1422417589	0
0	20	11	-58	31	1422417591	0
0	20	11	-58	31	1422417591	1
0	20	11	-56	31	1422417591	2
0	20	11	-58	31	1422417591	3
0	20	11	-58	31	1422417591	4
0	20	11	-58	31	1422417591	5
0	20	11	-58	31	1422417591	6
0	20	11	-58	31	1422417591	7
0	20	11	-58	31	1422417591	8
0	20	11	-58	31	1422417591	9
0	20	12	-60	31	1422417591	0
0	20	12	-60	31	1422417591	1
0	20	12	-60	31	1422417591	2
0	20	12	-60	31	1422417591	3
0	20	12	-60	31	1422417591	4
0	20	12	-60	31	1422417591	5
0	20	12	-60	31	1422417591	6
0	20	12	-60	31	1422417591	7
0	20	12	-60	31	1422417591	8
0	20	12	-60	31	1422417591	9
0	20	13	-59	31	1422417591	0
0	20	13	-59	31	1422417591	1
0	20	13	-59	31	1422417591	2
0	20	13	-59	31	1422417591	3
0	20	13	-59	31	1422417591	4
0	20	13	-59	31	1422417591	5
0	20	13	-59	31	1422417591	6
0	20	13	-56	31	1422417591	7
0	20	13	-59	31	1422417591	8
0	20	13	-59	31	1422417591	9
0	20	14	-58	31	1422417591	0
0	20	14	-55	31	1422417591	1
0	20	14	-58	31	1422417591	2
0	20	14	-55	31	1422417591	3
0	20	14	-56	31	1422417591	4
0	20	14	-58	31	1422417591	5
0	20	14	-56	31	1422417591	6
0	20	14	-58	31	1422417591	7
0	20	14	-58	31	1422417591	8
0	20	14	-58	31	1422417591	9
0	20	15	-59	31	1422417591	0
0	20	15	-59	31	1422417591	1
0	20	15	-59	31	1422417591	2
0	20	15	-59	31	1422417591	4
0	20	15	-59	31	1422417591	5
0	20	15	-59	31	1422417591	6
0	20	15	-59	31	1422417591	7
0	20	15	-59	31	1422417591	8
0	20	15	-59	31	1422417591	9
0	20	16	-59	31	1422417591	0
0	20	16	-59	31	1422417591	1
0	20	16	-59	31	1422417591	2
0	20	16	-60	31	1422417591	3
0	20	16	-59	31	1422417591	4
0	20	16	-59	31	1422417591	5
0	20	16	-56	31	1422417591	6
0	20	16	-59	31	1422417591	7
0	20	16	-59	31	1422417591	8
0	20	16	-59	31	1422417591	9
0	20	17	-54	31	1422417591	0
0	20	17	-54	31	1422417591	1
0	20	17	-54	31	1422417591	2
0	20	17	-58	31	1422417591	3
0	20	17	-54	31	1422417591	4
0	20	17	-54	31	1422417591	5
0	20	17	-54	31	1422417591	6
0	20	17	-54	31	1422417591	7
0	20	17	-54	31	1422417591	8
0	20	17	-54	31	1422417591	9
0	20	18	-55	31	1422417591	0
0	20	18	-55	31	1422417591	1
0	20	18	-55	31	1422417591	2
0	20	18	-55	31	1422417591	3
0	20	18	-55	31	1422417591	4
0	20	18	-55	31	1422417591	5
0	20	18	-55	31	1422417591	6
0	20	18	-55	31	1422417591	7
0	20	18	-55	31	1422417591	8
0	20	18	-55	31	1422417591	9
0	20	19	-54	31	1422417591	0
0	20	19	-53	31	1422417592	1
0	20	19	-54	31	1422417592	2
0	20	19	-54	31	1422417592	3
0	20	19	-51	31	1422417592	4
0	20	19	-54	31	1422417592	5
0	20	19	-54	31	1422417592	6
0	20	19	-54	31	1422417592	7
0	20	19	-53	31	1422417592	8
0	20	19	-53	31	1422417592	9
0	20	20	-53	31	1422417592	0
0	20	20	-53	31	1422417592	1
0	20	20	-53	31	1422417592	2
0	20	20	-51	31	1422417592	3
0	20	20	-53	31	1422417592	4
0	20	20	-51	31	1422417592	5
0	20	20	-53	31	1422417592	6
0	20	20	-53	31	1422417592	7
0	20	20	-53	31	1422417592	8
0	20	20	-53	31	1422417592	9
0	20	21	-50	31	1422417592	0
0	20	21	-52	31	1422417592	1
0	20	21	-52	31	1422417592	2
0	20	21	-53	31	1422417592	3
0	20	21	-53	31	1422417592	4
0	20	21	-53	31	1422417592	5
0	20	21	-52	31	1422417592	6
0	20	21	-53	31	1422417592	7
0	20	21	-53	31	1422417592	8
0	20	21	-53	31	1422417592	9
0	20	22	-51	31	1422417592	0
0	20	22	-49	31	1422417592	1
0	20	22	-51	31	1422417592	2
0	20	22	-51	31	1422417592	3
0	20	22	-51	31	1422417592	4
0	20	22	-49	31	1422417592	5
0	20	22	-49	31	1422417592	6
0	20	22	-48	31	1422417592	7
0	20	22	-51	31	1422417592	8
0	20	22	-49	31	1422417592	9
0	20	23	-49	31	1422417592	0
0	20	23	-51	31	1422417592	1
0	20	23	-48	31	1422417592	2
0	20	23	-49	31	1422417592	3
0	20	23	-49	31	1422417592	4
0	20	23	-49	31	1422417592	5
0	20	23	-48	31	1422417592	6
0	20	23	-51	31	1422417592	7
0	20	23	-48	31	1422417592	8
0	20	23	-51	31	1422417592	9
0	20	24	-51	31	1422417592	0
0	20	24	-49	31	1422417592	1
0	20	24	-49	31	1422417592	2
0	20	24	-51	31	1422417592	3
0	20	24	-51	31	1422417592	4
0	20	24	-51	31	1422417592	5
0	20	24	-51	31	1422417592	6
0	20	24	-51	31	1422417592	7
0	20	24	-51	31	1422417592	8
0	20	24	-51	31	1422417592	9
0	20	25	-51	31	1422417592	0
0	20	25	-47	31	1422417592	1
0	20	25	-48	31	1422417592	2
0	20	25	-48	31	1422417592	3
0	20	25	-51	31	1422417592	4
0	20	25	-48	31	1422417592	5
0	20	25	-51	31	1422417592	6
0	20	25	-48	31	1422417592	7
0	20	25	-48	31	1422417592	8
0	20	25	-48	31	1422417592	9
0	20	26	-51	31	1422417592	0
0	20	26	-51	31	1422417592	1
0	20	26	-51	31	1422417592	2
0	20	26	-48	31	1422417592	3
0	20	26	-47	31	1422417592	4
0	20	26	-51	31	1422417592	5
0	20	26	-48	31	1422417592	6
0	20	26	-48	31	1422417592	7
0	20	26	-51	31	1422417592	8
0	20	26	-48	31	1422417592	9
10	0	11	-55	31	1422417595	0
10	0	11	-55	31	1422417595	1
10	0	11	-55	31	1422417596	2
10	0	11	-55	31	1422417596	3
10	0	11	-55	31	1422417596	4
10	0	11	-55	31	1422417596	5
10	0	11	-56	31	1422417596	6
10	0	11	-56	31	1422417596	7
10	0	11	-55	31	1422417596	8
10	0	11	-55	31	1422417596	9
10	0	12	-57	31	1422417596	0
10	0	12	-57	31	1422417596	1
10	0	12	-57	31	1422417596	2
10	0	12	-57	31	1422417596	3
10	0	12	-57	31	1422417596	4
10	0	12	-57	31	1422417596	5
10	0	12	-57	31	1422417596	6
10	0	12	-57	31	1422417596	7
10	0	12	-57	31	1422417596	8
10	0	12	-57	31	1422417596	9
10	0	13	-56	31	1422417596	0
10	0	13	-56	31	1422417596	1
10	0	13	-56	31	1422417596	2
10	0	13	-58	31	1422417596	3
10	0	13	-58	31	1422417596	4
10	0	13	-56	31	1422417596	5
10	0	13	-58	31	1422417596	6
10	0	13	-56	31	1422417596	7
10	0	13	-56	31	1422417596	8
10	0	13	-56	31	1422417596	9
10	0	14	-62	31	1422417596	0
10	0	14	-62	31	1422417596	1
10	0	14	-62	31	1422417596	2
10	0	14	-62	31	1422417596	3
10	0	14	-62	31	1422417596	4
10	0	14	-62	31	1422417596	5
10	0	14	-62	31	1422417596	6
10	0	14	-62	31	1422417596	7
10	0	14	-62	31	1422417596	8
10	0	14	-62	31	1422417596	9
10	0	15	-66	31	1422417596	0
10	0	15	-66	31	1422417596	1
10	0	15	-66	31	1422417596	2
10	0	15	-66	31	1422417596	3
10	0	15	-66	31	1422417596	4
10	0	15	-66	31	1422417596	5
10	0	15	-66	31	1422417596	6
10	0	15	-66	31	1422417596	7
10	0	15	-66	31	1422417596	8
10	0	15	-66	31	1422417596	9
10	0	16	-68	31	1422417596	0
10	0	16	-68	31	1422417596	1
10	0	16	-68	31	1422417596	2
10	0	16	-68	31	1422417596	3
10	0	16	-68	31	1422417596	4
10	0	16	-68	31	1422417596	5
10	0	16	-68	31	1422417596	6
10	0	16	-68	31	1422417596	7
10	0	16	-68	31	1422417596	8
10	0	16	-68	31	1422417596	9
10	0	17	-76	31	1422417596	0
10	0	17	-76	31	1422417596	1
10	0	17	-76	31	1422417596	2
10	0	17	-76	31	1422417596	3
10	0	17	-76	31	1422417596	4
10	0	17	-76	31	1422417596	5
10	0	17	-76	31	1422417596	6
10	0	17	-76	31	1422417596	7
10	0	17	-76	31	1422417596	8
10	0	17	-76	31	1422417596	9
10	0	18	-63	31	1422417596	0
10	0	18	-63	31	1422417596	1
10	0	18	-63	31	1422417596	2
10	0	18	-63	31	1422417596	3
10	0	18	-63	31	1422417596	4
10	0	18	-63	31	1422417596	5
10	0	18	-63	31	1422417596	6
10	0	18	-63	31	1422417596	7
10	0	18	-63	31	1422417596	8
10	0	18	-63	31	1422417596	9
10	0	19	-54	31	1422417596	0
10	0	19	-54	31	1422417596	1
10	0	19	-54	31	1422417596	2
10	0	19	-54	31	1422417596	3
10	0	19	-54	31	1422417596	4
10	0	19	-54	31	1422417596	5
10	0	19	-54	31	1422417596	6
10	0	19	-58	31	1422417596	7
10	0	19	-54	31	1422417596	8
10	0	19	-54	31	1422417596	9
10	0	20	-54	31	1422417596	0
10	0	20	-54	31	1422417596	1
10	0	20	-54	31	1422417596	2
10	0	20	-54	31	1422417596	3
10	0	20	-55	31	1422417596	4
10	0	20	-55	31	1422417596	5
10	0	20	-54	31	1422417596	6
10	0	20	-55	31	1422417596	7
10	0	20	-54	31	1422417596	8
10	0	20	-54	31	1422417596	9
10	0	21	-49	31	1422417596	0
10	0	21	-49	31	1422417596	1
10	0	21	-49	31	1422417596	2
10	0	21	-51	31	1422417596	3
10	0	21	-49	31	1422417596	4
10	0	21	-51	31	1422417596	5
10	0	21	-49	31	1422417596	6
10	0	21	-51	31	1422417596	7
10	0	21	-51	31	1422417596	8
10	0	21	-51	31	1422417596	9
10	0	22	-48	31	1422417596	1
10	0	22	-48	31	1422417596	2
10	0	22	-50	31	1422417596	3
10	0	22	-50	31	1422417596	4
10	0	22	-48	31	1422417596	5
10	0	22	-50	31	1422417596	6
10	0	22	-50	31	1422417596	7
10	0	22	-50	31	1422417596	8
10	0	22	-50	31	1422417596	9
10	0	23	-47	31	1422417596	0
10	0	23	-47	31	1422417596	1
10	0	23	-50	31	1422417596	2
10	0	23	-47	31	1422417596	3
10	0	23	-50	31	1422417596	4
10	0	23	-47	31	1422417596	5
10	0	23	-48	31	1422417596	6
10	0	23	-47	31	1422417596	7
10	0	23	-50	31	1422417596	8
10	0	23	-50	31	1422417596	9
10	0	24	-50	31	1422417596	0
10	0	24	-47	31	1422417596	1
10	0	24	-47	31	1422417596	2
10	0	24	-47	31	1422417596	3
10	0	24	-47	31	1422417596	4
10	0	24	-47	31	1422417596	5
10	0	24	-50	31	1422417596	6
10	0	24	-47	31	1422417596	7
10	0	24	-47	31	1422417596	8
10	0	24	-47	31	1422417596	9
10	0	25	-47	31	1422417596	0
10	0	25	-50	31	1422417596	1
10	0	25	-50	31	1422417596	2
10	0	25	-48	31	1422417596	3
10	0	25	-47	31	1422417596	4
10	0	25	-50	31	1422417596	5
10	0	25	-48	31	1422417596	6
10	0	25	-47	31	1422417596	7
10	0	25	-47	31	1422417596	8
10	0	25	-47	31	1422417596	9
10	0	26	-48	31	1422417596	0
10	0	26	-48	31	1422417596	1
10	0	26	-51	31	1422417596	2
10	0	26	-48	31	1422417596	3
10	0	26	-51	31	1422417596	4
10	0	26	-48	31	1422417596	5
10	0	26	-51	31	1422417596	6
10	0	26	-48	31	1422417596	7
10	0	26	-48	31	1422417596	8
10	0	26	-51	31	1422417596	9
10	20	11	-53	31	1422417598	0
10	20	11	-50	31	1422417598	1
10	20	11	-53	31	1422417598	2
10	20	11	-50	31	1422417598	3
10	20	11	-50	31	1422417598	4
10	20	11	-53	31	1422417598	5
10	20	11	-50	31	1422417598	6
10	20	11	-53	31	1422417598	7
10	20	11	-51	31	1422417598	8
10	20	11	-53	31	1422417598	9
10	20	12	-52	31	1422417598	0
10	20	12	-49	31	1422417598	1
10	20	12	-52	31	1422417598	2
10	20	12	-49	31	1422417598	3
10	20	12	-52	31	1422417598	4
10	20	12	-49	31	1422417598	5
10	20	12	-49	31	1422417598	6
10	20	12	-49	31	1422417598	7
10	20	12	-49	31	1422417598	8
10	20	12	-49	31	1422417598	9
10	20	13	-52	31	1422417598	0
10	20	13	-51	31	1422417598	1
10	20	13	-49	31	1422417598	2
10	20	13	-51	31	1422417598	3
10	20	13	-49	31	1422417598	4
10	20	13	-51	31	1422417598	5
10	20	13	-49	31	1422417598	6
10	20	13	-51	31	1422417598	7
10	20	13	-49	31	1422417598	8
10	20	13	-49	31	1422417598	9
10	20	14	-48	31	1422417598	0
10	20	14	-48	31	1422417598	1
10	20	14	-48	31	1422417598	2
10	20	14	-48	31	1422417598	3
10	20	14	-48	31	1422417598	4
10	20	14	-48	31	1422417598	5
10	20	14	-48	31	1422417598	6
10	20	14	-47	31	1422417598	7
10	20	14	-48	31	1422417598	8
10	20	14	-51	31	1422417598	9
10	20	15	-51	31	1422417598	0
10	20	15	-51	31	1422417598	1
10	20	15	-51	31	1422417598	2
10	20	15	-49	31	1422417598	3
10	20	15	-49	31	1422417598	4
10	20	15	-49	31	1422417598	5
10	20	15	-51	31	1422417598	6
10	20	15	-51	31	1422417598	7
10	20	15	-49	31	1422417598	8
10	20	15	-49	31	1422417598	9
10	20	16	-52	31	1422417598	0
10	20	16	-52	31	1422417598	1
10	20	16	-52	31	1422417598	2
10	20	16	-52	31	1422417598	3
10	20	16	-50	31	1422417598	4
10	20	16	-50	31	1422417598	5
10	20	16	-53	31	1422417598	6
10	20	16	-50	31	1422417598	7
10	20	16	-50	31	1422417598	8
10	20	16	-52	31	1422417598	9
10	20	17	-49	31	1422417598	0
10	20	17	-49	31	1422417598	1
10	20	17	-49	31	1422417598	2
10	20	17	-49	31	1422417598	3
10	20	17	-49	31	1422417598	4
10	20	17	-52	31	1422417598	5
10	20	17	-49	31	1422417598	6
10	20	17	-49	31	1422417598	7
10	20	17	-49	31	1422417598	8
10	20	17	-49	31	1422417598	9
10	20	18	-48	31	1422417598	0
10	20	18	-48	31	1422417598	1
10	20	18	-48	31	1422417598	2
10	20	18	-51	31	1422417598	3
10	20	18	-48	31	1422417598	4
10	20	18	-48	31	1422417598	5
10	20	18	-49	31	1422417598	6
10	20	18	-49	31	1422417598	7
10	20	18	-48	31	1422417598	8
10	20	18	-49	31	1422417598	9
10	20	19	-48	31	1422417598	0
10	20	19	-51	31	1422417598	1
10	20	19	-48	31	1422417598	2
10	20	19	-48	31	1422417598	3
10	20	19	-51	31	1422417598	4
10	20	19	-47	31	1422417598	5
10	20	19	-51	31	1422417598	6
10	20	19	-51	31	1422417598	7
10	20	19	-51	31	1422417598	8
10	20	19	-48	31	1422417598	9
10	20	20	-49	31	1422417598	0
10	20	20	-48	31	1422417598	1
10	20	20	-51	31	1422417598	2
10	20	20	-48	31	1422417598	3
10	20	20	-48	31	1422417598	4
10	20	20	-48	31	1422417598	5
10	20	20	-49	31	1422417598	6
10	20	20	-48	31	1422417598	7
10	20	20	-48	31	1422417598	8
10	20	20	-48	31	1422417598	9
10	20	21	-51	31	1422417598	0
10	20	21	-51	31	1422417598	1
10	20	21	-48	31	1422417598	2
10	20	21	-48	31	1422417598	3
10	20	21	-48	31	1422417598	4
10	20	21	-49	31	1422417598	5
10	20	21	-51	31	1422417598	6
10	20	21	-48	31	1422417598	7
10	20	21	-51	31	1422417598	8
10	20	21	-48	31	1422417598	9
10	20	22	-49	31	1422417598	0
10	20	22	-49	31	1422417598	1
10	20	22	-49	31	1422417598	2
10	20	22	-51	31	1422417598	3
10	20	22	-49	31	1422417598	4
10	20	22	-49	31	1422417598	5
10	20	22	-49	31	1422417598	6
10	20	22	-49	31	1422417598	7
10	20	22	-51	31	1422417598	8
10	20	22	-51	31	1422417598	9
10	20	23	-53	31	1422417598	0
10	20	23	-54	31	1422417598	1
10	20	23	-52	31	1422417598	2
10	20	23	-52	31	1422417598	3
10	20	23	-54	31	1422417598	4
10	20	23	-55	31	1422417598	5
10	20	23	-54	31	1422417598	6
10	20	23	-54	31	1422417598	7
10	20	23	-54	31	1422417598	8
10	20	24	-47	31	1422417598	0
10	20	24	-49	31	1422417598	1
10	20	24	-49	31	1422417598	2
10	20	24	-46	31	1422417598	3
10	20	24	-46	31	1422417598	4
10	20	24	-46	31	1422417598	5
10	20	24	-47	31	1422417598	6
10	20	24	-46	31	1422417598	7
10	20	24	-46	31	1422417598	8
10	20	24	-46	31	1422417598	9
10	20	25	-46	31	1422417598	0
10	20	25	-46	31	1422417598	1
10	20	25	-46	31	1422417598	2
10	20	25	-47	31	1422417598	3
10	20	25	-46	31	1422417598	4
10	20	25	-45	31	1422417598	5
10	20	25	-47	31	1422417598	6
10	20	25	-46	31	1422417598	7
10	20	25	-46	31	1422417598	8
10	20	25	-46	31	1422417598	9
10	20	26	-49	31	1422417598	0
10	20	26	-46	31	1422417598	1
10	20	26	-46	31	1422417598	2
10	20	26	-47	31	1422417598	3
10	20	26	-46	31	1422417598	4
10	20	26	-46	31	1422417598	5
10	20	26	-46	31	1422417598	6
10	20	26	-46	31	1422417598	7
10	20	26	-46	31	1422417598	8
10	20	26	-47	31	1422417598	9
0	20	0	0	31	1422417598	0
20	0	11	-55	31	1422417515	0
20	0	11	-55	31	1422417515	1
20	0	11	-55	31	1422417515	2
20	0	11	-55	31	1422417515	3
20	0	11	-55	31	1422417515	4
20	0	11	-55	31	1422417515	5
20	0	11	-55	31	1422417515	6
20	0	11	-55	31	1422417515	7
20	0	11	-55	31	1422417515	8
20	0	11	-55	31	1422417515	9
20	0	12	-54	31	1422417515	0
20	0	12	-54	31	1422417515	1
20	0	12	-54	31	1422417515	2
20	0	12	-54	31	1422417515	3
20	0	12	-54	31	1422417515	4
20	0	12	-54	31	1422417515	5
20	0	12	-54	31	1422417515	6
20	0	12	-54	31	1422417515	7
20	0	12	-54	31	1422417515	8
20	0	12	-54	31	1422417515	9
20	0	13	-60	31	1422417515	0
20	0	13	-60	31	1422417515	1
20	0	13	-60	31	1422417515	2
20	0	13	-60	31	1422417515	3
20	0	13	-60	31	1422417515	4
20	0	13	-60	31	1422417515	5
20	0	13	-60	31	1422417515	6
20	0	13	-60	31	1422417515	7
20	0	13	-60	31	1422417515	8
20	0	13	-60	31	1422417515	9
20	0	14	-64	31	1422417515	0
20	0	14	-64	31	1422417515	1
20	0	14	-65	31	1422417515	2
20	0	14	-65	31	1422417515	3
20	0	14	-66	31	1422417515	4
20	0	14	-66	31	1422417515	5
20	0	14	-66	31	1422417515	6
20	0	14	-64	31	1422417515	7
20	0	14	-64	31	1422417515	8
20	0	14	-63	31	1422417515	9
20	0	15	-60	31	1422417515	0
20	0	15	-60	31	1422417515	1
20	0	15	-60	31	1422417515	2
20	0	15	-60	31	1422417515	3
20	0	15	-60	31	1422417515	4
20	0	15	-60	31	1422417515	5
20	0	15	-59	31	1422417515	6
20	0	15	-60	31	1422417515	7
20	0	15	-60	31	1422417515	8
20	0	15	-60	31	1422417515	9
20	0	16	-60	31	1422417515	0
20	0	16	-60	31	1422417515	1
20	0	16	-60	31	1422417515	2
20	0	16	-60	31	1422417515	3
20	0	16	-59	31	1422417515	4
20	0	16	-60	31	1422417515	5
20	0	16	-60	31	1422417515	6
20	0	16	-59	31	1422417515	7
20	0	16	-60	31	1422417515	8
20	0	16	-60	31	1422417515	9
20	0	17	-58	31	1422417515	0
20	0	17	-58	31	1422417515	1
20	0	17	-58	31	1422417515	2
20	0	17	-58	31	1422417515	3
20	0	17	-56	31	1422417515	4
20	0	17	-58	31	1422417515	5
20	0	17	-58	31	1422417515	6
20	0	17	-59	31	1422417515	7
20	0	17	-58	31	1422417515	8
20	0	17	-59	31	1422417515	9
20	0	18	-57	31	1422417515	0
20	0	18	-57	31	1422417515	1
20	0	18	-56	31	1422417515	2
20	0	18	-57	31	1422417515	3
20	0	18	-57	31	1422417515	4
20	0	18	-57	31	1422417515	5
20	0	18	-57	31	1422417515	6
20	0	18	-56	31	1422417515	7
20	0	18	-56	31	1422417515	8
20	0	18	-57	31	1422417515	9
20	0	19	-52	31	1422417515	0
20	0	19	-53	31	1422417515	1
20	0	19	-55	31	1422417515	2
20	0	19	-54	31	1422417515	3
20	0	19	-55	31	1422417515	4
20	0	19	-54	31	1422417515	5
20	0	19	-55	31	1422417515	6
20	0	19	-55	31	1422417515	7
20	0	19	-55	31	1422417515	8
20	0	19	-55	31	1422417515	9
20	0	20	-53	31	1422417515	0
20	0	20	-54	31	1422417515	1
20	0	20	-53	31	1422417515	2
20	0	20	-54	31	1422417515	3
20	0	20	-53	31	1422417515	4
20	0	20	-53	31	1422417515	5
20	0	20	-53	31	1422417515	6
20	0	20	-53	31	1422417515	7
20	0	20	-53	31	1422417515	8
20	0	20	-53	31	1422417515	9
20	0	21	-53	31	1422417515	0
20	0	21	-52	31	1422417515	1
20	0	21	-53	31	1422417515	2
20	0	21	-53	31	1422417515	3
20	0	21	-53	31	1422417515	4
20	0	21	-53	31	1422417515	5
20	0	21	-53	31	1422417515	6
20	0	21	-53	31	1422417515	7
20	0	21	-53	31	1422417515	8
20	0	21	-53	31	1422417515	9
20	0	22	-51	31	1422417515	0
20	0	22	-51	31	1422417515	1
20	0	22	-51	31	1422417515	2
20	0	22	-48	31	1422417515	3
20	0	22	-51	31	1422417515	4
20	0	22	-49	31	1422417515	5
20	0	22	-51	31	1422417515	6
20	0	22	-51	31	1422417515	7
20	0	22	-51	31	1422417515	8
20	0	22	-51	31	1422417515	9
20	0	23	-48	31	1422417515	0
20	0	23	-51	31	1422417515	1
20	0	23	-51	31	1422417515	2
20	0	23	-48	31	1422417515	3
20	0	23	-51	31	1422417515	4
20	0	23	-51	31	1422417515	5
20	0	23	-51	31	1422417515	6
20	0	23	-51	31	1422417515	7
20	0	23	-51	31	1422417515	8
20	0	23	-51	31	1422417515	9
20	0	24	-49	31	1422417515	0
20	0	24	-51	31	1422417515	1
20	0	24	-51	31	1422417515	2
20	0	24	-51	31	1422417515	3
20	0	24	-51	31	1422417515	4
20	0	24	-51	31	1422417515	5
20	0	24	-51	31	1422417515	6
20	0	24	-51	31	1422417515	7
20	0	24	-51	31	1422417515	8
20	0	24	-51	31	1422417515	9
20	0	25	-51	31	1422417515	0
20	0	25	-51	31	1422417515	1
20	0	25	-51	31	1422417515	2
20	0	25	-51	31	1422417515	3
20	0	25	-49	31	1422417515	4
20	0	25	-51	31	1422417515	5
20	0	25	-51	31	1422417515	6
20	0	25	-51	31	1422417515	7
20	0	25	-49	31	1422417515	8
20	0	25	-51	31	1422417515	9
20	0	26	-51	31	1422417515	0
20	0	26	-51	31	1422417515	1
20	0	26	-51	31	1422417515	2
20	0	26	-51	31	1422417515	3
20	0	26	-51	31	1422417515	4
20	0	26	-51	31	1422417515	5
20	0	26	-51	31	1422417515	6
20	0	26	-51	31	1422417515	7
20	0	26	-51	31	1422417515	8
20	0	26	-51	31	1422417515	9
20	10	11	-88	31	1422417517	0
20	10	11	-89	31	1422417517	1
20	10	11	-89	31	1422417517	2
20	10	11	-89	31	1422417517	3
20	10	11	-89	31	1422417517	4
20	10	11	-89	31	1422417517	5
20	10	11	-89	31	1422417517	7
20	10	11	-89	31	1422417517	8
20	10	11	-89	31	1422417517	9
20	10	12	-88	31	1422417517	0
20	10	12	-88	31	1422417517	1
20	10	12	-88	31	1422417517	2
20	10	12	-88	31	1422417517	3
20	10	12	-88	31	1422417517	4
20	10	12	-88	31	1422417517	5
20	10	12	-88	31	1422417517	6
20	10	12	-88	31	1422417517	7
20	10	12	-88	31	1422417517	8
20	10	12	-88	31	1422417517	9
20	10	13	-88	31	1422417517	0
20	10	13	-88	31	1422417517	1
20	10	13	-89	31	1422417517	2
20	10	13	-89	31	1422417517	3
20	10	13	-89	31	1422417517	4
20	10	13	-88	31	1422417517	5
20	10	13	-88	31	1422417517	6
20	10	13	-88	31	1422417517	7
20	10	13	-88	31	1422417517	8
20	10	13	-87	31	1422417517	9
20	10	14	-85	31	1422417517	0
20	10	14	-84	31	1422417517	1
20	10	14	-85	31	1422417517	2
20	10	14	-85	31	1422417517	3
20	10	14	-85	31	1422417517	4
20	10	14	-85	31	1422417517	5
20	10	14	-85	31	1422417517	6
20	10	14	-85	31	1422417517	7
20	10	14	-86	31	1422417517	8
20	10	14	-87	31	1422417517	9
20	10	15	-86	31	1422417517	0
20	10	15	-86	31	1422417517	1
20	10	15	-86	31	1422417517	2
20	10	15	-86	31	1422417517	3
20	10	15	-87	31	1422417517	4
20	10	15	-86	31	1422417517	5
20	10	15	-86	31	1422417517	6
20	10	15	-86	31	1422417517	7
20	10	15	-87	31	1422417517	8
20	10	15	-86	31	1422417517	9
20	10	16	-86	31	1422417517	0
20	10	16	-86	31	1422417517	1
20	10	16	-86	31	1422417517	2
20	10	16	-86	31	1422417517	3
20	10	16	-86	31	1422417517	4
20	10	16	-86	31	1422417517	5
20	10	16	-86	31	1422417517	6
20	10	16	-86	31	1422417517	7
20	10	16	-86	31	1422417517	8
20	10	16	-86	31	1422417517	9
20	10	17	-86	31	1422417517	0
20	10	17	-85	31	1422417517	1
20	10	17	-85	31	1422417517	2
20	10	17	-85	31	1422417517	3
20	10	17	-85	31	1422417517	4
20	10	17	-86	31	1422417517	5
20	10	17	-85	31	1422417517	6
20	10	17	-85	31	1422417517	7
20	10	17	-85	31	1422417517	8
20	10	17	-86	31	1422417517	9
20	10	18	-87	31	1422417517	0
20	10	18	-86	31	1422417517	1
20	10	18	-86	31	1422417517	2
20	10	18	-87	31	1422417517	3
20	10	18	-87	31	1422417517	4
20	10	18	-87	31	1422417517	5
20	10	18	-86	31	1422417517	6
20	10	18	-87	31	1422417517	7
20	10	18	-87	31	1422417517	8
20	10	18	-87	31	1422417517	9
20	10	19	-86	31	1422417517	0
20	10	19	-86	31	1422417517	1
20	10	19	-87	31	1422417517	2
20	10	19	-86	31	1422417517	3
20	10	19	-87	31	1422417517	4
20	10	19	-86	31	1422417517	5
20	10	19	-87	31	1422417517	6
20	10	19	-86	31	1422417517	7
20	10	19	-87	31	1422417517	8
20	10	19	-87	31	1422417517	9
20	10	20	-87	31	1422417517	0
20	10	20	-87	31	1422417517	1
20	10	20	-87	31	1422417517	2
20	10	20	-87	31	1422417517	3
20	10	20	-87	31	1422417517	4
20	10	20	-87	31	1422417517	5
20	10	20	-87	31	1422417517	6
20	10	20	-87	31	1422417517	7
20	10	20	-87	31	1422417517	8
20	10	20	-87	31	1422417517	9
20	10	21	-87	31	1422417517	0
20	10	21	-88	31	1422417517	1
20	10	21	-87	31	1422417517	2
20	10	21	-87	31	1422417517	3
20	10	21	-87	31	1422417517	4
20	10	21	-88	31	1422417517	5
20	10	21	-87	31	1422417517	6
20	10	21	-88	31	1422417517	7
20	10	21	-87	31	1422417517	8
20	10	21	-88	31	1422417517	9
20	10	22	-87	31	1422417517	0
20	10	22	-88	31	1422417517	1
20	10	22	-88	31	1422417517	2
20	10	22	-87	31	1422417517	3
20	10	22	-88	31	1422417517	4
20	10	22	-88	31	1422417517	5
20	10	22	-87	31	1422417517	6
20	10	22	-87	31	1422417517	7
20	10	22	-87	31	1422417517	8
20	10	22	-87	31	1422417517	9
20	10	23	-86	31	1422417517	0
20	10	23	-87	31	1422417517	1
20	10	23	-87	31	1422417517	2
20	10	23	-87	31	1422417517	3
20	10	23	-87	31	1422417517	4
20	10	23	-86	31	1422417517	5
20	10	23	-87	31	1422417517	6
20	10	23	-86	31	1422417517	7
20	10	23	-86	31	1422417517	8
20	10	23	-86	31	1422417517	9
20	10	24	-85	31	1422417517	0
20	10	24	-86	31	1422417517	1
20	10	24	-86	31	1422417517	2
20	10	24	-85	31	1422417517	3
20	10	24	-85	31	1422417517	4
20	10	24	-86	31	1422417517	5
20	10	24	-85	31	1422417517	6
20	10	24	-85	31	1422417517	7
20	10	24	-85	31	1422417517	8
20	10	24	-86	31	1422417517	9
20	10	25	-84	31	1422417517	0
20	10	25	-84	31	1422417517	1
20	10	25	-85	31	1422417517	2
20	10	25	-84	31	1422417517	3
20	10	25	-85	31	1422417517	4
20	10	25	-85	31	1422417517	5
20	10	25	-84	31	1422417517	6
20	10	25	-85	31	1422417517	7
20	10	25	-85	31	1422417517	8
20	10	25	-85	31	1422417517	9
20	10	26	-84	31	1422417517	0
20	10	26	-84	31	1422417517	1
20	10	26	-84	31	1422417517	2
20	10	26	-84	31	1422417517	3
20	10	26	-84	31	1422417517	4
20	10	26	-84	31	1422417517	5
20	10	26	-84	31	1422417517	6
20	10	26	-84	31	1422417517	7
20	10	26	-84	31	1422417517	8
20	10	26	-84	31	1422417517	9
