0	34	11	-60	31	1422246025	0
0	34	11	-60	31	1422246025	1
0	34	11	-60	31	1422246025	2
0	34	11	-60	31	1422246025	3
0	34	11	-60	31	1422246025	4
0	34	11	-60	31	1422246025	5
0	34	11	-60	31	1422246025	6
0	34	11	-60	31	1422246025	7
0	34	11	-60	31	1422246025	8
0	34	11	-60	31	1422246025	9
0	34	12	-60	31	1422246025	0
0	34	12	-60	31	1422246025	1
0	34	12	-60	31	1422246025	2
0	34	12	-60	31	1422246025	3
0	34	12	-60	31	1422246025	4
0	34	12	-60	31	1422246025	5
0	34	12	-60	31	1422246025	6
0	34	12	-60	31	1422246025	7
0	34	12	-60	31	1422246025	8
0	34	12	-60	31	1422246025	9
0	34	13	-60	31	1422246025	0
0	34	13	-60	31	1422246025	1
0	34	13	-60	31	1422246025	2
0	34	13	-60	31	1422246025	3
0	34	13	-60	31	1422246025	4
0	34	13	-61	31	1422246025	5
0	34	13	-60	31	1422246025	6
0	34	13	-60	31	1422246025	7
0	34	13	-60	31	1422246025	8
0	34	13	-60	31	1422246025	9
0	34	14	-60	31	1422246025	0
0	34	14	-60	31	1422246025	1
0	34	14	-60	31	1422246025	2
0	34	14	-60	31	1422246025	3
0	34	14	-60	31	1422246025	4
0	34	14	-60	31	1422246025	5
0	34	14	-60	31	1422246025	6
0	34	14	-60	31	1422246025	7
0	34	14	-60	31	1422246025	8
0	34	14	-60	31	1422246025	9
0	34	15	-59	31	1422246025	0
0	34	15	-59	31	1422246025	1
0	34	15	-59	31	1422246025	2
0	34	15	-59	31	1422246025	3
0	34	15	-59	31	1422246025	4
0	34	15	-60	31	1422246025	5
0	34	15	-59	31	1422246025	6
0	34	15	-59	31	1422246025	7
0	34	15	-59	31	1422246025	8
0	34	15	-59	31	1422246025	9
0	34	16	-60	31	1422246025	0
0	34	16	-60	31	1422246025	1
0	34	16	-60	31	1422246025	2
0	34	16	-60	31	1422246025	3
0	34	16	-60	31	1422246025	4
0	34	16	-60	31	1422246025	5
0	34	16	-60	31	1422246025	6
0	34	16	-60	31	1422246025	7
0	34	16	-60	31	1422246025	8
0	34	16	-60	31	1422246025	9
0	34	17	-64	31	1422246025	0
0	34	17	-64	31	1422246025	1
0	34	17	-64	31	1422246025	2
0	34	17	-64	31	1422246025	3
0	34	17	-64	31	1422246025	4
0	34	17	-64	31	1422246025	5
0	34	17	-64	31	1422246025	6
0	34	17	-64	31	1422246025	7
0	34	17	-64	31	1422246025	8
0	34	17	-64	31	1422246025	9
0	34	18	-69	31	1422246025	0
0	34	18	-69	31	1422246025	1
0	34	18	-69	31	1422246025	2
0	34	18	-69	31	1422246025	3
0	34	18	-69	31	1422246025	4
0	34	18	-69	31	1422246025	5
0	34	18	-69	31	1422246025	6
0	34	18	-69	31	1422246025	7
0	34	18	-69	31	1422246025	8
0	34	18	-69	31	1422246025	9
0	34	19	-72	31	1422246025	0
0	34	19	-72	31	1422246025	1
0	34	19	-74	31	1422246025	2
0	34	19	-74	31	1422246025	3
0	34	19	-73	31	1422246025	4
0	34	19	-73	31	1422246025	5
0	34	19	-72	31	1422246025	6
0	34	19	-73	31	1422246025	7
0	34	19	-73	31	1422246025	8
0	34	19	-73	31	1422246025	9
0	34	20	-66	31	1422246025	0
0	34	20	-67	31	1422246025	1
0	34	20	-67	31	1422246025	2
0	34	20	-67	31	1422246025	3
0	34	20	-67	31	1422246025	4
0	34	20	-67	31	1422246025	5
0	34	20	-67	31	1422246025	6
0	34	20	-68	31	1422246025	7
0	34	20	-68	31	1422246025	8
0	34	20	-68	31	1422246025	9
0	34	21	-66	31	1422246025	0
0	34	21	-66	31	1422246025	1
0	34	21	-66	31	1422246025	2
0	34	21	-66	31	1422246025	3
0	34	21	-66	31	1422246025	4
0	34	21	-66	31	1422246025	5
0	34	21	-66	31	1422246025	6
0	34	21	-66	31	1422246025	7
0	34	21	-66	31	1422246025	8
0	34	21	-66	31	1422246025	9
0	34	22	-64	31	1422246025	0
0	34	22	-64	31	1422246025	1
0	34	22	-64	31	1422246025	2
0	34	22	-63	31	1422246025	3
0	34	22	-63	31	1422246025	4
0	34	22	-63	31	1422246025	5
0	34	22	-63	31	1422246025	6
0	34	22	-63	31	1422246025	7
0	34	22	-63	31	1422246025	8
0	34	22	-63	31	1422246025	9
0	34	23	-64	31	1422246025	0
0	34	23	-64	31	1422246025	1
0	34	23	-64	31	1422246025	2
0	34	23	-64	31	1422246025	3
0	34	23	-64	31	1422246025	4
0	34	23	-64	31	1422246025	5
0	34	23	-64	31	1422246025	6
0	34	23	-64	31	1422246025	7
0	34	23	-64	31	1422246025	8
0	34	23	-64	31	1422246025	9
0	34	24	-62	31	1422246025	0
0	34	24	-62	31	1422246025	1
0	34	24	-62	31	1422246025	2
0	34	24	-62	31	1422246025	3
0	34	24	-62	31	1422246025	4
0	34	24	-62	31	1422246025	5
0	34	24	-62	31	1422246025	6
0	34	24	-62	31	1422246025	7
0	34	24	-62	31	1422246025	8
0	34	24	-61	31	1422246025	9
0	34	25	-60	31	1422246025	0
0	34	25	-60	31	1422246025	1
0	34	25	-60	31	1422246025	2
0	34	25	-60	31	1422246025	3
0	34	25	-60	31	1422246025	4
0	34	25	-60	31	1422246025	5
0	34	25	-60	31	1422246025	6
0	34	25	-60	31	1422246025	7
0	34	25	-60	31	1422246025	8
0	34	25	-60	31	1422246025	9
0	34	26	-60	31	1422246025	0
0	34	26	-60	31	1422246025	1
0	34	26	-60	31	1422246025	2
0	34	26	-60	31	1422246025	3
0	34	26	-60	31	1422246025	4
0	34	26	-60	31	1422246025	5
0	34	26	-60	31	1422246025	6
0	34	26	-60	31	1422246025	7
0	34	26	-60	31	1422246025	8
0	34	26	-60	31	1422246025	9
0	35	11	-54	31	1422246027	0
0	35	11	-54	31	1422246027	1
0	35	11	-54	31	1422246027	2
0	35	11	-54	31	1422246027	4
0	35	11	-55	31	1422246027	5
0	35	11	-54	31	1422246027	6
0	35	11	-54	31	1422246027	8
0	35	11	-54	31	1422246027	9
0	35	12	-53	31	1422246027	0
0	35	12	-53	31	1422246027	1
0	35	12	-53	31	1422246027	2
0	35	12	-53	31	1422246027	3
0	35	12	-53	31	1422246027	4
0	35	12	-53	31	1422246027	5
0	35	12	-53	31	1422246027	6
0	35	12	-53	31	1422246027	7
0	35	12	-53	31	1422246027	8
0	35	12	-53	31	1422246027	9
0	35	13	-54	31	1422246027	0
0	35	13	-53	31	1422246027	1
0	35	13	-53	31	1422246027	2
0	35	13	-53	31	1422246027	3
0	35	13	-54	31	1422246027	4
0	35	13	-56	31	1422246027	5
0	35	13	-53	31	1422246027	6
0	35	13	-53	31	1422246027	7
0	35	13	-53	31	1422246027	8
0	35	13	-53	31	1422246027	9
0	35	14	-53	31	1422246027	0
0	35	14	-54	31	1422246027	1
0	35	14	-55	31	1422246027	2
0	35	14	-53	31	1422246027	3
0	35	14	-54	31	1422246027	4
0	35	14	-54	31	1422246027	5
0	35	14	-54	31	1422246027	6
0	35	14	-53	31	1422246027	7
0	35	14	-54	31	1422246027	8
0	35	14	-54	31	1422246027	9
0	35	15	-55	31	1422246027	0
0	35	15	-56	31	1422246027	1
0	35	15	-55	31	1422246027	2
0	35	15	-55	31	1422246027	3
0	35	15	-55	31	1422246027	4
0	35	15	-56	31	1422246027	5
0	35	15	-55	31	1422246027	6
0	35	15	-55	31	1422246027	7
0	35	15	-55	31	1422246027	8
0	35	15	-55	31	1422246027	9
0	35	16	-58	31	1422246027	0
0	35	16	-58	31	1422246027	1
0	35	16	-57	31	1422246027	2
0	35	16	-58	31	1422246027	3
0	35	16	-58	31	1422246027	4
0	35	16	-58	31	1422246027	5
0	35	16	-57	31	1422246027	6
0	35	16	-58	31	1422246027	7
0	35	16	-58	31	1422246027	8
0	35	16	-58	31	1422246027	9
0	35	17	-58	31	1422246027	0
0	35	17	-58	31	1422246027	1
0	35	17	-58	31	1422246027	2
0	35	17	-58	31	1422246027	3
0	35	17	-58	31	1422246027	4
0	35	17	-58	31	1422246027	5
0	35	17	-58	31	1422246027	6
0	35	17	-57	31	1422246027	7
0	35	17	-58	31	1422246027	8
0	35	17	-58	31	1422246027	9
0	35	18	-59	31	1422246027	0
0	35	18	-55	31	1422246027	1
0	35	18	-55	31	1422246027	2
0	35	18	-56	31	1422246027	3
0	35	18	-56	31	1422246027	4
0	35	18	-56	31	1422246027	5
0	35	18	-58	31	1422246027	6
0	35	18	-58	31	1422246027	7
0	35	18	-58	31	1422246027	8
0	35	18	-58	31	1422246027	9
0	35	19	-62	31	1422246027	0
0	35	19	-62	31	1422246027	1
0	35	19	-62	31	1422246027	2
0	35	19	-62	31	1422246027	3
0	35	19	-63	31	1422246027	4
0	35	19	-63	31	1422246027	5
0	35	19	-63	31	1422246027	6
0	35	19	-63	31	1422246027	7
0	35	19	-63	31	1422246027	8
0	35	19	-63	31	1422246027	9
0	35	20	-81	31	1422246027	0
0	35	20	-81	31	1422246027	1
0	35	20	-82	31	1422246027	2
0	35	20	-80	31	1422246027	3
0	35	20	-79	31	1422246027	4
0	35	20	-81	31	1422246027	5
0	35	20	-81	31	1422246027	6
0	35	20	-80	31	1422246027	8
0	35	20	-80	31	1422246027	9
0	35	21	-66	31	1422246027	0
0	35	21	-67	31	1422246027	1
0	35	21	-66	31	1422246027	2
0	35	21	-66	31	1422246027	3
0	35	21	-67	31	1422246027	4
0	35	21	-66	31	1422246027	5
0	35	21	-66	31	1422246027	6
0	35	21	-67	31	1422246027	7
0	35	21	-67	31	1422246027	8
0	35	21	-67	31	1422246027	9
0	35	22	-62	31	1422246027	0
0	35	22	-62	31	1422246027	1
0	35	22	-62	31	1422246027	2
0	35	22	-62	31	1422246027	3
0	35	22	-62	31	1422246027	4
0	35	22	-62	31	1422246027	5
0	35	22	-62	31	1422246027	6
0	35	22	-61	31	1422246027	7
0	35	22	-61	31	1422246027	8
0	35	22	-60	31	1422246027	9
0	35	23	-63	31	1422246027	0
0	35	23	-63	31	1422246027	1
0	35	23	-63	31	1422246027	2
0	35	23	-63	31	1422246027	3
0	35	23	-63	31	1422246027	4
0	35	23	-63	31	1422246027	5
0	35	23	-64	31	1422246027	6
0	35	23	-64	31	1422246027	7
0	35	23	-63	31	1422246027	8
0	35	23	-64	31	1422246027	9
0	35	24	-76	31	1422246027	0
0	35	24	-75	31	1422246027	1
0	35	24	-76	31	1422246027	2
0	35	24	-76	31	1422246027	3
0	35	24	-76	31	1422246027	5
0	35	24	-76	31	1422246027	6
0	35	24	-76	31	1422246027	7
0	35	24	-74	31	1422246027	9
0	35	25	-62	31	1422246027	0
0	35	25	-62	31	1422246027	1
0	35	25	-62	31	1422246027	2
0	35	25	-62	31	1422246027	3
0	35	25	-62	31	1422246027	4
0	35	25	-62	31	1422246027	5
0	35	25	-62	31	1422246027	6
0	35	25	-62	31	1422246027	7
0	35	25	-62	31	1422246027	8
0	35	25	-62	31	1422246027	9
0	35	26	-60	31	1422246027	0
0	35	26	-60	31	1422246027	1
0	35	26	-60	31	1422246027	2
0	35	26	-61	31	1422246027	3
0	35	26	-60	31	1422246027	4
0	35	26	-60	31	1422246027	5
0	35	26	-61	31	1422246027	6
0	35	26	-60	31	1422246027	7
0	35	26	-60	31	1422246027	8
0	35	26	-60	31	1422246027	9
0	35	0	0	31	1422246027	0
0	35	0	0	31	1422246027	0
0	35	0	0	31	1422246027	0
0	35	0	0	31	1422246027	0
0	35	0	0	31	1422246027	0
0	1	11	-74	31	1422246030	0
0	1	11	-76	31	1422246030	1
0	1	11	-75	31	1422246030	2
0	1	11	-74	31	1422246030	4
0	1	11	-74	31	1422246030	5
0	1	11	-75	31	1422246030	6
0	1	11	-75	31	1422246030	8
0	1	11	-75	31	1422246030	9
0	1	12	-58	31	1422246030	0
0	1	12	-58	31	1422246030	1
0	1	12	-58	31	1422246030	2
0	1	12	-58	31	1422246030	3
0	1	12	-58	31	1422246030	4
0	1	12	-58	31	1422246030	5
0	1	12	-58	31	1422246030	6
0	1	12	-58	31	1422246030	7
0	1	12	-58	31	1422246030	8
0	1	12	-58	31	1422246030	9
0	1	13	-55	31	1422246030	0
0	1	13	-55	31	1422246030	1
0	1	13	-55	31	1422246030	2
0	1	13	-55	31	1422246030	3
0	1	13	-55	31	1422246030	4
0	1	13	-55	31	1422246030	5
0	1	13	-55	31	1422246030	6
0	1	13	-55	31	1422246030	7
0	1	13	-55	31	1422246030	8
0	1	13	-55	31	1422246030	9
0	1	14	-53	31	1422246030	0
0	1	14	-54	31	1422246030	1
0	1	14	-54	31	1422246030	2
0	1	14	-52	31	1422246030	3
0	1	14	-53	31	1422246030	4
0	1	14	-53	31	1422246030	5
0	1	14	-54	31	1422246030	6
0	1	14	-53	31	1422246030	7
0	1	14	-54	31	1422246030	8
0	1	14	-53	31	1422246030	9
0	1	15	-54	31	1422246030	0
0	1	15	-55	31	1422246030	1
0	1	15	-54	31	1422246030	2
0	1	15	-54	31	1422246030	3
0	1	15	-54	31	1422246030	4
0	1	15	-54	31	1422246030	5
0	1	15	-54	31	1422246030	6
0	1	15	-54	31	1422246030	7
0	1	15	-54	31	1422246030	8
0	1	15	-54	31	1422246030	9
0	1	16	-56	31	1422246030	0
0	1	16	-57	31	1422246030	1
0	1	16	-56	31	1422246030	2
0	1	16	-57	31	1422246030	3
0	1	16	-57	31	1422246030	4
0	1	16	-55	31	1422246030	5
0	1	16	-55	31	1422246030	6
0	1	16	-55	31	1422246030	7
0	1	16	-55	31	1422246030	8
0	1	16	-55	31	1422246030	9
0	1	17	-58	31	1422246030	0
0	1	17	-58	31	1422246030	1
0	1	17	-58	31	1422246030	2
0	1	17	-59	31	1422246030	3
0	1	17	-58	31	1422246030	4
0	1	17	-59	31	1422246030	5
0	1	17	-59	31	1422246030	6
0	1	17	-54	31	1422246030	7
0	1	17	-54	31	1422246030	8
0	1	17	-54	31	1422246030	9
0	1	18	-54	31	1422246030	0
0	1	18	-54	31	1422246030	1
0	1	18	-54	31	1422246030	2
0	1	18	-54	31	1422246030	3
0	1	18	-54	31	1422246030	4
0	1	18	-59	31	1422246030	5
0	1	18	-59	31	1422246030	6
0	1	18	-59	31	1422246030	7
0	1	18	-59	31	1422246030	8
0	1	18	-59	31	1422246030	9
0	1	19	-54	31	1422246030	0
0	1	19	-53	31	1422246030	1
0	1	19	-53	31	1422246030	2
0	1	19	-53	31	1422246030	3
0	1	19	-54	31	1422246030	4
0	1	19	-53	31	1422246030	5
0	1	19	-53	31	1422246030	6
0	1	19	-53	31	1422246030	7
0	1	19	-52	31	1422246030	8
0	1	19	-54	31	1422246030	9
0	1	20	-52	31	1422246030	0
0	1	20	-51	31	1422246030	1
0	1	20	-50	31	1422246030	2
0	1	20	-52	31	1422246030	3
0	1	20	-49	31	1422246030	4
0	1	20	-49	31	1422246030	5
0	1	20	-51	31	1422246030	6
0	1	20	-49	31	1422246030	7
0	1	20	-50	31	1422246030	8
0	1	20	-52	31	1422246030	9
0	1	21	-49	31	1422246030	0
0	1	21	-52	31	1422246030	1
0	1	21	-51	31	1422246030	2
0	1	21	-51	31	1422246030	3
0	1	21	-50	31	1422246030	4
0	1	21	-51	31	1422246030	5
0	1	21	-52	31	1422246030	6
0	1	21	-49	31	1422246030	7
0	1	21	-51	31	1422246030	8
0	1	21	-51	31	1422246030	9
0	1	22	-53	31	1422246030	0
0	1	22	-52	31	1422246030	1
0	1	22	-52	31	1422246030	2
0	1	22	-50	31	1422246030	3
0	1	22	-53	31	1422246030	4
0	1	22	-53	31	1422246030	5
0	1	22	-53	31	1422246030	6
0	1	22	-53	31	1422246030	7
0	1	22	-53	31	1422246030	8
0	1	22	-51	31	1422246030	9
0	1	23	-47	31	1422246030	0
0	1	23	-47	31	1422246030	1
0	1	23	-49	31	1422246030	2
0	1	23	-49	31	1422246030	3
0	1	23	-47	31	1422246030	4
0	1	23	-49	31	1422246030	5
0	1	23	-49	31	1422246030	6
0	1	23	-47	31	1422246030	7
0	1	23	-47	31	1422246030	8
0	1	23	-47	31	1422246030	9
0	1	24	-45	31	1422246030	0
0	1	24	-46	31	1422246030	1
0	1	24	-46	31	1422246030	2
0	1	24	-45	31	1422246030	3
0	1	24	-45	31	1422246030	4
0	1	24	-46	31	1422246030	5
0	1	24	-46	31	1422246030	6
0	1	24	-46	31	1422246030	7
0	1	24	-46	31	1422246030	8
0	1	24	-46	31	1422246030	9
0	1	25	-46	31	1422246030	0
0	1	25	-47	31	1422246030	1
0	1	25	-46	31	1422246030	2
0	1	25	-46	31	1422246030	3
0	1	25	-46	31	1422246030	4
0	1	25	-46	31	1422246030	5
0	1	25	-46	31	1422246030	6
0	1	25	-46	31	1422246030	7
0	1	25	-46	31	1422246030	8
0	1	25	-47	31	1422246030	9
0	1	26	-47	31	1422246030	0
0	1	26	-49	31	1422246030	1
0	1	26	-47	31	1422246030	2
0	1	26	-47	31	1422246030	3
0	1	26	-47	31	1422246030	4
0	1	26	-47	31	1422246030	5
0	1	26	-49	31	1422246030	6
0	1	26	-49	31	1422246030	7
0	1	26	-47	31	1422246030	8
0	1	26	-47	31	1422246030	9
0	1	0	0	31	1422246030	0
0	1	0	0	31	1422246030	0
34	0	11	-58	31	1422246039	0
34	0	11	-56	31	1422246039	1
34	0	11	-58	31	1422246039	2
34	0	11	-58	31	1422246039	3
34	0	11	-58	31	1422246039	4
34	0	11	-58	31	1422246039	5
34	0	11	-56	31	1422246039	6
34	0	11	-58	31	1422246039	7
34	0	11	-56	31	1422246039	8
34	0	11	-58	31	1422246039	9
34	0	12	-54	31	1422246039	0
34	0	12	-54	31	1422246039	1
34	0	12	-54	31	1422246039	2
34	0	12	-54	31	1422246039	3
34	0	12	-54	31	1422246039	4
34	0	12	-54	31	1422246039	5
34	0	12	-54	31	1422246039	6
34	0	12	-58	31	1422246039	7
34	0	12	-54	31	1422246039	8
34	0	12	-54	31	1422246039	9
34	0	13	-56	31	1422246039	0
34	0	13	-58	31	1422246039	1
34	0	13	-58	31	1422246039	2
34	0	13	-56	31	1422246039	3
34	0	13	-58	31	1422246039	4
34	0	13	-58	31	1422246039	5
34	0	13	-56	31	1422246039	6
34	0	13	-58	31	1422246039	7
34	0	13	-59	31	1422246039	8
34	0	13	-59	31	1422246039	9
34	0	14	-59	31	1422246039	0
34	0	14	-56	31	1422246039	1
34	0	14	-59	31	1422246039	2
34	0	14	-59	31	1422246039	3
34	0	14	-59	31	1422246039	4
34	0	14	-59	31	1422246039	5
34	0	14	-59	31	1422246039	6
34	0	14	-59	31	1422246039	7
34	0	14	-59	31	1422246039	8
34	0	14	-59	31	1422246039	9
34	0	15	-59	31	1422246039	0
34	0	15	-56	31	1422246039	1
34	0	15	-56	31	1422246039	2
34	0	15	-58	31	1422246039	3
34	0	15	-58	31	1422246039	4
34	0	15	-58	31	1422246039	5
34	0	15	-58	31	1422246039	6
34	0	15	-58	31	1422246039	7
34	0	15	-58	31	1422246039	8
34	0	15	-56	31	1422246039	9
34	0	16	-56	31	1422246039	0
34	0	16	-58	31	1422246039	1
34	0	16	-56	31	1422246039	2
34	0	16	-59	31	1422246039	3
34	0	16	-58	31	1422246039	4
34	0	16	-56	31	1422246039	5
34	0	16	-56	31	1422246039	6
34	0	16	-59	31	1422246039	7
34	0	16	-59	31	1422246039	8
34	0	16	-56	31	1422246039	9
34	0	17	-62	31	1422246039	0
34	0	17	-62	31	1422246039	1
34	0	17	-62	31	1422246039	2
34	0	17	-62	31	1422246039	3
34	0	17	-62	31	1422246039	4
34	0	17	-62	31	1422246039	5
34	0	17	-62	31	1422246039	6
34	0	17	-60	31	1422246039	7
34	0	17	-62	31	1422246039	8
34	0	17	-62	31	1422246039	9
34	0	18	-66	31	1422246039	0
34	0	18	-66	31	1422246039	1
34	0	18	-66	31	1422246039	2
34	0	18	-66	31	1422246039	3
34	0	18	-66	31	1422246039	4
34	0	18	-66	31	1422246039	5
34	0	18	-66	31	1422246039	6
34	0	18	-66	31	1422246039	7
34	0	18	-66	31	1422246039	8
34	0	18	-66	31	1422246039	9
0	0	0	0	31	1422246039	0
0	0	0	0	31	1422246039	0
0	0	0	0	31	1422246039	0
0	0	0	0	31	1422246039	0
0	0	0	0	31	1422246039	0
0	0	0	0	31	1422246039	0
0	0	0	0	31	1422246039	0
0	0	0	0	31	1422246039	0
0	0	0	0	31	1422246039	0
0	0	0	0	31	1422246039	0
0	0	0	0	31	1422246039	0
0	0	0	0	31	1422246039	0
0	0	0	0	31	1422246039	0
0	0	0	0	31	1422246039	0
0	0	0	0	31	1422246039	0
0	0	0	0	31	1422246039	0
0	0	0	0	31	1422246039	0
0	0	0	0	31	1422246039	0
0	0	0	0	31	1422246039	0
0	0	0	0	31	1422246039	0
0	0	0	0	31	1422246039	0
0	0	0	0	31	1422246039	0
0	0	0	0	31	1422246039	0
0	0	0	0	31	1422246039	0
0	0	0	0	31	1422246039	0
0	0	0	0	31	1422246039	0
0	0	0	0	31	1422246039	0
0	0	0	0	31	1422246039	0
0	0	0	0	31	1422246039	0
0	0	0	0	31	1422246039	0
0	0	0	0	31	1422246039	0
0	0	0	0	31	1422246039	0
0	0	0	0	31	1422246039	0
0	0	0	0	31	1422246039	0
0	0	0	0	31	1422246039	0
0	0	0	0	31	1422246039	0
0	0	0	0	31	1422246039	0
0	0	0	0	31	1422246039	0
0	0	0	0	31	1422246039	0
0	0	0	0	31	1422246039	0
0	0	0	0	31	1422246039	0
0	0	0	0	31	1422246039	0
0	0	0	0	31	1422246039	0
0	0	0	0	31	1422246039	0
0	0	0	0	31	1422246039	0
0	0	0	0	31	1422246039	0
0	0	0	0	31	1422246039	0
0	0	0	0	31	1422246039	0
0	0	0	0	31	1422246039	0
0	0	0	0	31	1422246039	0
0	0	0	0	31	1422246039	0
0	0	0	0	31	1422246039	0
0	0	0	0	31	1422246039	0
0	0	0	0	31	1422246039	0
0	0	0	0	31	1422246039	0
0	0	0	0	31	1422246039	0
0	0	0	0	31	1422246039	0
0	0	0	0	31	1422246039	0
0	0	0	0	31	1422246039	0
0	0	0	0	31	1422246039	0
0	0	0	0	31	1422246039	0
0	0	0	0	31	1422246039	0
0	0	0	0	31	1422246039	0
0	0	0	0	31	1422246039	0
0	0	0	0	31	1422246039	0
0	0	0	0	31	1422246039	0
0	0	0	0	31	1422246039	0
0	0	0	0	31	1422246039	0
0	0	0	0	31	1422246039	0
0	0	0	0	31	1422246039	0
0	0	0	0	31	1422246039	0
0	0	0	0	31	1422246039	0
0	0	0	0	31	1422246039	0
0	0	0	0	31	1422246039	0
0	0	0	0	31	1422246039	0
0	0	0	0	31	1422246039	0
0	0	0	0	31	1422246039	0
0	0	0	0	31	1422246039	0
0	0	0	0	31	1422246039	0
0	0	0	0	31	1422246039	0
34	35	11	-46	31	1422246041	0
34	35	11	-46	31	1422246041	1
34	35	11	-46	31	1422246041	2
34	35	11	-46	31	1422246041	3
34	35	11	-46	31	1422246041	4
34	35	11	-47	31	1422246041	5
34	35	11	-46	31	1422246041	6
34	35	11	-46	31	1422246041	7
34	35	11	-46	31	1422246041	8
34	35	11	-46	31	1422246041	9
34	35	12	-46	31	1422246041	0
34	35	12	-46	31	1422246041	1
34	35	12	-46	31	1422246041	2
34	35	12	-46	31	1422246041	3
34	35	12	-46	31	1422246041	4
34	35	12	-45	31	1422246041	5
34	35	12	-46	31	1422246041	6
34	35	12	-45	31	1422246041	7
34	35	12	-46	31	1422246041	8
34	35	12	-46	31	1422246041	9
34	35	13	-45	31	1422246041	0
34	35	13	-46	31	1422246041	1
34	35	13	-46	31	1422246041	2
34	35	13	-46	31	1422246041	3
34	35	13	-46	31	1422246041	4
34	35	13	-46	31	1422246041	5
34	35	13	-46	31	1422246041	6
34	35	13	-46	31	1422246041	7
34	35	13	-46	31	1422246041	8
34	35	13	-46	31	1422246041	9
34	35	14	-47	31	1422246041	0
34	35	14	-47	31	1422246041	1
34	35	14	-47	31	1422246041	2
34	35	14	-46	31	1422246041	3
34	35	14	-47	31	1422246041	4
34	35	14	-47	31	1422246041	5
34	35	14	-47	31	1422246041	6
34	35	14	-46	31	1422246041	7
34	35	14	-47	31	1422246041	8
34	35	14	-47	31	1422246041	9
34	35	15	-49	31	1422246041	0
34	35	15	-49	31	1422246041	1
34	35	15	-49	31	1422246041	2
34	35	15	-49	31	1422246041	3
34	35	15	-49	31	1422246041	4
34	35	15	-49	31	1422246041	5
34	35	15	-49	31	1422246041	6
34	35	15	-47	31	1422246041	7
34	35	15	-49	31	1422246041	8
34	35	15	-49	31	1422246041	9
34	35	16	-49	31	1422246041	0
34	35	16	-47	31	1422246041	1
34	35	16	-47	31	1422246041	2
34	35	16	-49	31	1422246041	3
34	35	16	-47	31	1422246041	4
34	35	16	-47	31	1422246041	5
34	35	16	-47	31	1422246041	6
34	35	16	-49	31	1422246041	7
34	35	16	-47	31	1422246041	8
34	35	16	-47	31	1422246041	9
34	35	17	-47	31	1422246041	0
34	35	17	-47	31	1422246041	1
34	35	17	-47	31	1422246041	2
34	35	17	-49	31	1422246041	3
34	35	17	-47	31	1422246041	4
34	35	17	-47	31	1422246041	5
34	35	17	-49	31	1422246041	6
34	35	17	-49	31	1422246041	8
34	35	17	-47	31	1422246041	9
34	35	18	-47	31	1422246041	0
34	35	18	-47	31	1422246041	1
34	35	18	-49	31	1422246041	2
34	35	18	-49	31	1422246041	3
34	35	18	-49	31	1422246041	4
34	35	18	-47	31	1422246041	5
34	35	18	-49	31	1422246041	6
34	35	18	-49	31	1422246041	7
34	35	18	-49	31	1422246041	8
34	35	18	-50	31	1422246041	9
34	35	19	-50	31	1422246041	0
34	35	19	-50	31	1422246041	1
34	35	19	-50	31	1422246041	2
34	35	19	-50	31	1422246041	3
34	35	19	-50	31	1422246041	4
34	35	19	-50	31	1422246041	5
34	35	19	-50	31	1422246041	6
34	35	19	-50	31	1422246041	7
34	35	19	-50	31	1422246041	8
34	35	19	-50	31	1422246041	9
34	35	20	-51	31	1422246041	0
34	35	20	-51	31	1422246041	1
34	35	20	-51	31	1422246041	2
34	35	20	-51	31	1422246041	3
34	35	20	-51	31	1422246041	4
34	35	20	-50	31	1422246041	5
34	35	20	-50	31	1422246041	6
34	35	20	-51	31	1422246041	7
34	35	20	-52	31	1422246041	8
34	35	20	-51	31	1422246041	9
34	35	21	-51	31	1422246041	0
34	35	21	-51	31	1422246041	1
34	35	21	-51	31	1422246041	2
34	35	21	-49	31	1422246041	3
34	35	21	-51	31	1422246041	4
34	35	21	-51	31	1422246041	5
34	35	21	-51	31	1422246041	6
34	35	21	-49	31	1422246041	7
34	35	21	-51	31	1422246041	8
34	35	21	-51	31	1422246041	9
34	35	22	-52	31	1422246041	0
34	35	22	-52	31	1422246041	1
34	35	22	-51	31	1422246041	2
34	35	22	-54	31	1422246042	3
34	35	22	-53	31	1422246042	4
34	35	22	-55	31	1422246042	5
34	35	22	-53	31	1422246042	6
34	35	22	-53	31	1422246042	7
34	35	22	-53	31	1422246042	8
34	35	22	-54	31	1422246042	9
34	35	23	-60	31	1422246042	0
34	35	23	-60	31	1422246042	1
34	35	23	-60	31	1422246042	2
34	35	23	-59	31	1422246042	3
34	35	23	-59	31	1422246042	4
34	35	23	-58	31	1422246042	5
34	35	23	-55	31	1422246042	6
34	35	23	-55	31	1422246042	7
34	35	23	-54	31	1422246042	8
34	35	23	-54	31	1422246042	9
34	35	24	-58	31	1422246042	0
34	35	24	-58	31	1422246042	1
34	35	24	-59	31	1422246042	2
34	35	24	-59	31	1422246042	3
34	35	24	-59	31	1422246042	4
34	35	24	-60	31	1422246042	5
34	35	24	-59	31	1422246042	6
34	35	24	-57	31	1422246042	7
34	35	24	-59	31	1422246042	8
34	35	24	-59	31	1422246042	9
34	35	25	-60	31	1422246042	0
34	35	25	-62	31	1422246042	1
34	35	25	-62	31	1422246042	2
34	35	25	-64	31	1422246042	3
34	35	25	-68	31	1422246042	4
34	35	25	-74	31	1422246042	5
34	35	25	-80	31	1422246042	6
34	35	25	-76	31	1422246042	7
34	35	25	-72	31	1422246042	8
34	35	25	-70	31	1422246042	9
34	35	26	-55	31	1422246042	0
34	35	26	-54	31	1422246042	1
34	35	26	-54	31	1422246042	2
34	35	26	-54	31	1422246042	3
34	35	26	-55	31	1422246042	4
34	35	26	-54	31	1422246042	5
34	35	26	-54	31	1422246042	7
34	35	26	-54	31	1422246042	8
34	35	26	-54	31	1422246042	9
0	35	0	0	31	1422246042	0
0	35	0	0	31	1422246042	0
34	1	11	-54	31	1422246044	0
34	1	11	-54	31	1422246044	1
34	1	11	-54	31	1422246044	2
34	1	11	-54	31	1422246044	3
34	1	11	-54	31	1422246044	4
34	1	11	-54	31	1422246044	5
34	1	11	-54	31	1422246044	6
34	1	11	-54	31	1422246044	7
34	1	11	-54	31	1422246044	8
34	1	11	-54	31	1422246044	9
34	1	12	-62	31	1422246044	0
34	1	12	-61	31	1422246044	1
34	1	12	-61	31	1422246044	2
34	1	12	-61	31	1422246044	3
34	1	12	-61	31	1422246044	4
34	1	12	-61	31	1422246044	5
34	1	12	-61	31	1422246044	6
34	1	12	-61	31	1422246044	7
34	1	12	-61	31	1422246044	8
34	1	12	-61	31	1422246044	9
34	1	13	-64	31	1422246044	0
34	1	13	-65	31	1422246044	1
34	1	13	-65	31	1422246044	2
34	1	13	-64	31	1422246044	3
34	1	13	-65	31	1422246044	4
34	1	13	-64	31	1422246044	5
34	1	13	-65	31	1422246044	6
34	1	13	-65	31	1422246044	7
34	1	13	-65	31	1422246044	8
34	1	13	-65	31	1422246044	9
34	1	14	-70	31	1422246044	0
34	1	14	-70	31	1422246044	1
34	1	14	-70	31	1422246044	2
34	1	14	-70	31	1422246044	3
34	1	14	-70	31	1422246044	4
34	1	14	-70	31	1422246044	5
34	1	14	-70	31	1422246044	6
34	1	14	-70	31	1422246044	7
34	1	14	-70	31	1422246044	8
34	1	14	-70	31	1422246044	9
34	1	15	-74	31	1422246044	0
34	1	15	-74	31	1422246044	1
34	1	15	-74	31	1422246044	2
34	1	15	-75	31	1422246044	3
34	1	15	-75	31	1422246044	4
34	1	15	-75	31	1422246044	5
34	1	15	-75	31	1422246044	6
34	1	15	-75	31	1422246044	7
34	1	15	-75	31	1422246044	8
34	1	15	-74	31	1422246044	9
34	1	16	-66	31	1422246044	0
34	1	16	-66	31	1422246044	1
34	1	16	-66	31	1422246044	2
34	1	16	-67	31	1422246044	3
34	1	16	-67	31	1422246044	4
34	1	16	-66	31	1422246044	5
34	1	16	-66	31	1422246044	6
34	1	16	-66	31	1422246044	7
34	1	16	-66	31	1422246044	8
34	1	16	-66	31	1422246044	9
34	1	17	-62	31	1422246044	0
34	1	17	-62	31	1422246044	1
34	1	17	-62	31	1422246044	2
34	1	17	-62	31	1422246044	3
34	1	17	-62	31	1422246044	4
34	1	17	-62	31	1422246044	5
34	1	17	-62	31	1422246044	6
34	1	17	-62	31	1422246044	8
34	1	17	-62	31	1422246044	9
34	1	18	-60	31	1422246044	0
34	1	18	-60	31	1422246044	1
34	1	18	-60	31	1422246044	2
34	1	18	-60	31	1422246044	3
34	1	18	-60	31	1422246044	4
34	1	18	-60	31	1422246044	5
34	1	18	-60	31	1422246044	6
34	1	18	-60	31	1422246044	7
34	1	18	-60	31	1422246044	8
34	1	18	-60	31	1422246044	9
0	1	0	0	31	1422246044	0
0	1	0	0	31	1422246044	0
0	1	0	0	31	1422246044	0
0	1	0	0	31	1422246044	0
0	1	0	0	31	1422246044	0
0	1	0	0	31	1422246044	0
0	1	0	0	31	1422246044	0
0	1	0	0	31	1422246044	0
0	1	0	0	31	1422246044	0
0	1	0	0	31	1422246044	0
0	1	0	0	31	1422246044	0
0	1	0	0	31	1422246044	0
0	1	0	0	31	1422246044	0
0	1	0	0	31	1422246044	0
0	1	0	0	31	1422246044	0
0	1	0	0	31	1422246044	0
0	1	0	0	31	1422246044	0
0	1	0	0	31	1422246044	0
0	1	0	0	31	1422246044	0
0	1	0	0	31	1422246044	0
0	1	0	0	31	1422246044	0
0	1	0	0	31	1422246044	0
0	1	0	0	31	1422246044	0
0	1	0	0	31	1422246044	0
0	1	0	0	31	1422246044	0
0	1	0	0	31	1422246044	0
0	1	0	0	31	1422246044	0
0	1	0	0	31	1422246044	0
0	1	0	0	31	1422246044	0
0	1	0	0	31	1422246044	0
0	1	0	0	31	1422246044	0
0	1	0	0	31	1422246044	0
0	1	0	0	31	1422246044	0
0	1	0	0	31	1422246044	0
0	1	0	0	31	1422246044	0
0	1	0	0	31	1422246044	0
0	1	0	0	31	1422246044	0
0	1	0	0	31	1422246044	0
0	1	0	0	31	1422246044	0
0	1	0	0	31	1422246044	0
0	1	0	0	31	1422246044	0
0	1	0	0	31	1422246044	0
0	1	0	0	31	1422246044	0
0	1	0	0	31	1422246044	0
0	1	0	0	31	1422246044	0
0	1	0	0	31	1422246044	0
0	1	0	0	31	1422246044	0
0	1	0	0	31	1422246044	0
0	1	0	0	31	1422246044	0
0	1	0	0	31	1422246044	0
0	1	0	0	31	1422246044	0
0	1	0	0	31	1422246044	0
0	1	0	0	31	1422246044	0
0	1	0	0	31	1422246044	0
0	1	0	0	31	1422246044	0
0	1	0	0	31	1422246044	0
0	1	0	0	31	1422246044	0
0	1	0	0	31	1422246044	0
0	1	0	0	31	1422246044	0
0	1	0	0	31	1422246044	0
0	1	0	0	31	1422246044	0
0	1	0	0	31	1422246044	0
0	1	0	0	31	1422246044	0
0	1	0	0	31	1422246044	0
0	1	0	0	31	1422246044	0
0	1	0	0	31	1422246044	0
0	1	0	0	31	1422246044	0
0	1	0	0	31	1422246044	0
0	1	0	0	31	1422246044	0
0	1	0	0	31	1422246044	0
0	1	0	0	31	1422246044	0
0	1	0	0	31	1422246044	0
0	1	0	0	31	1422246044	0
0	1	0	0	31	1422246044	0
0	1	0	0	31	1422246044	0
0	1	0	0	31	1422246044	0
0	1	0	0	31	1422246044	0
0	1	0	0	31	1422246044	0
0	1	0	0	31	1422246044	0
0	1	0	0	31	1422246044	0
0	1	0	0	31	1422246044	0
35	0	11	-58	31	1422246048	0
35	0	11	-58	31	1422246048	1
35	0	11	-58	31	1422246048	2
35	0	11	-58	31	1422246048	3
35	0	11	-56	31	1422246048	4
35	0	11	-58	31	1422246048	5
35	0	11	-58	31	1422246048	6
35	0	11	-56	31	1422246048	7
35	0	11	-58	31	1422246048	8
35	0	11	-58	31	1422246048	9
35	0	12	-54	31	1422246048	0
35	0	12	-54	31	1422246048	1
35	0	12	-54	31	1422246048	2
35	0	12	-54	31	1422246048	3
35	0	12	-54	31	1422246048	4
35	0	12	-54	31	1422246048	5
35	0	12	-54	31	1422246048	6
35	0	12	-54	31	1422246049	7
35	0	12	-54	31	1422246049	8
35	0	12	-54	31	1422246049	9
35	0	13	-54	31	1422246049	0
35	0	13	-54	31	1422246049	1
35	0	13	-54	31	1422246049	2
35	0	13	-54	31	1422246049	3
35	0	13	-54	31	1422246049	4
35	0	13	-54	31	1422246049	5
35	0	13	-54	31	1422246049	6
35	0	13	-54	31	1422246049	7
35	0	13	-54	31	1422246049	8
35	0	13	-54	31	1422246049	9
35	0	14	-56	31	1422246049	0
35	0	14	-56	31	1422246049	1
35	0	14	-56	31	1422246049	2
35	0	14	-56	31	1422246049	3
35	0	14	-57	31	1422246049	4
35	0	14	-56	31	1422246049	5
35	0	14	-56	31	1422246049	6
35	0	14	-56	31	1422246049	7
35	0	14	-56	31	1422246049	8
35	0	14	-56	31	1422246049	9
35	0	15	-55	31	1422246049	0
35	0	15	-55	31	1422246049	1
35	0	15	-55	31	1422246049	2
35	0	15	-55	31	1422246049	3
35	0	15	-55	31	1422246049	4
35	0	15	-55	31	1422246049	5
35	0	15	-55	31	1422246049	6
35	0	15	-55	31	1422246049	7
35	0	15	-55	31	1422246049	8
35	0	15	-55	31	1422246049	9
35	0	16	-55	31	1422246049	0
35	0	16	-55	31	1422246049	1
35	0	16	-55	31	1422246049	2
35	0	16	-55	31	1422246049	3
35	0	16	-55	31	1422246049	4
35	0	16	-55	31	1422246049	5
35	0	16	-55	31	1422246049	6
35	0	16	-55	31	1422246049	7
35	0	16	-55	31	1422246049	8
35	0	16	-55	31	1422246049	9
35	0	17	-56	31	1422246049	0
35	0	17	-56	31	1422246049	1
35	0	17	-56	31	1422246049	2
35	0	17	-56	31	1422246049	3
35	0	17	-56	31	1422246049	4
35	0	17	-56	31	1422246049	5
35	0	17	-56	31	1422246049	6
35	0	17	-56	31	1422246049	7
35	0	17	-56	31	1422246049	8
35	0	17	-56	31	1422246049	9
35	0	18	-57	31	1422246049	0
35	0	18	-57	31	1422246049	1
35	0	18	-53	31	1422246049	2
35	0	18	-53	31	1422246049	3
35	0	18	-57	31	1422246049	4
35	0	18	-54	31	1422246049	5
35	0	18	-54	31	1422246049	6
35	0	18	-54	31	1422246049	7
35	0	18	-54	31	1422246049	8
35	0	18	-54	31	1422246049	9
35	0	19	-54	31	1422246049	0
35	0	19	-54	31	1422246049	1
35	0	19	-54	31	1422246049	2
35	0	19	-54	31	1422246049	3
35	0	19	-54	31	1422246049	4
35	0	19	-54	31	1422246049	5
35	0	19	-54	31	1422246049	6
35	0	19	-54	31	1422246049	7
35	0	19	-54	31	1422246049	8
35	0	19	-54	31	1422246049	9
35	0	20	-58	31	1422246049	0
35	0	20	-58	31	1422246049	1
35	0	20	-56	31	1422246049	2
35	0	20	-58	31	1422246049	3
35	0	20	-58	31	1422246049	4
35	0	20	-58	31	1422246049	5
35	0	20	-58	31	1422246049	6
35	0	20	-56	31	1422246049	7
35	0	20	-56	31	1422246049	8
35	0	20	-56	31	1422246049	9
35	0	21	-60	31	1422246049	0
35	0	21	-60	31	1422246049	1
35	0	21	-60	31	1422246049	2
35	0	21	-60	31	1422246049	3
35	0	21	-60	31	1422246049	4
35	0	21	-60	31	1422246049	5
35	0	21	-60	31	1422246049	6
35	0	21	-60	31	1422246049	7
35	0	21	-60	31	1422246049	8
35	0	21	-60	31	1422246049	9
35	0	22	-60	31	1422246049	0
35	0	22	-60	31	1422246049	1
35	0	22	-60	31	1422246049	2
35	0	22	-60	31	1422246049	3
35	0	22	-61	31	1422246049	4
35	0	22	-61	31	1422246049	5
35	0	22	-61	31	1422246049	6
35	0	22	-60	31	1422246049	7
35	0	22	-60	31	1422246049	8
35	0	22	-60	31	1422246049	9
35	0	23	-61	31	1422246049	0
35	0	23	-61	31	1422246049	1
35	0	23	-61	31	1422246049	2
35	0	23	-62	31	1422246049	3
35	0	23	-62	31	1422246049	4
35	0	23	-62	31	1422246049	5
35	0	23	-62	31	1422246049	6
35	0	23	-62	31	1422246049	7
35	0	23	-62	31	1422246049	8
35	0	23	-62	31	1422246049	9
35	0	24	-64	31	1422246049	0
35	0	24	-64	31	1422246049	1
35	0	24	-64	31	1422246049	2
35	0	24	-64	31	1422246049	3
35	0	24	-64	31	1422246049	4
35	0	24	-65	31	1422246049	5
35	0	24	-65	31	1422246049	6
35	0	24	-64	31	1422246049	7
35	0	24	-65	31	1422246049	8
35	0	24	-65	31	1422246049	9
35	0	25	-62	31	1422246049	0
35	0	25	-62	31	1422246049	1
35	0	25	-62	31	1422246049	2
35	0	25	-62	31	1422246049	3
35	0	25	-62	31	1422246049	4
35	0	25	-62	31	1422246049	5
35	0	25	-62	31	1422246049	6
35	0	25	-62	31	1422246049	7
35	0	25	-62	31	1422246049	8
35	0	25	-62	31	1422246049	9
35	0	26	-63	31	1422246049	0
35	0	26	-63	31	1422246049	1
35	0	26	-63	31	1422246049	2
35	0	26	-64	31	1422246049	3
35	0	26	-63	31	1422246049	4
35	0	26	-64	31	1422246049	5
35	0	26	-63	31	1422246049	6
35	0	26	-63	31	1422246049	7
35	0	26	-63	31	1422246049	8
35	0	26	-64	31	1422246049	9
35	34	11	-53	31	1422246051	0
35	34	11	-52	31	1422246051	1
35	34	11	-53	31	1422246051	2
35	34	11	-52	31	1422246051	3
35	34	11	-50	31	1422246051	4
35	34	11	-53	31	1422246051	5
35	34	11	-52	31	1422246051	7
35	34	11	-50	31	1422246051	8
35	34	11	-53	31	1422246051	9
35	34	12	-52	31	1422246051	0
35	34	12	-52	31	1422246051	1
35	34	12	-52	31	1422246051	2
35	34	12	-52	31	1422246051	3
35	34	12	-52	31	1422246051	4
35	34	12	-52	31	1422246051	5
35	34	12	-52	31	1422246051	6
35	34	12	-52	31	1422246051	7
35	34	12	-52	31	1422246051	8
35	34	12	-52	31	1422246051	9
35	34	13	-53	31	1422246051	0
35	34	13	-53	31	1422246051	1
35	34	13	-52	31	1422246051	2
35	34	13	-52	31	1422246051	3
35	34	13	-52	31	1422246051	4
35	34	13	-52	31	1422246051	5
35	34	13	-52	31	1422246051	6
35	34	13	-53	31	1422246051	7
35	34	13	-53	31	1422246051	8
35	34	13	-53	31	1422246051	9
35	34	14	-50	31	1422246051	0
35	34	14	-53	31	1422246051	2
35	34	14	-53	31	1422246051	3
35	34	14	-53	31	1422246051	4
35	34	14	-53	31	1422246051	5
35	34	14	-53	31	1422246051	6
35	34	14	-53	31	1422246051	7
35	34	14	-53	31	1422246051	8
35	34	14	-53	31	1422246051	9
35	34	15	-53	31	1422246051	0
35	34	15	-53	31	1422246051	1
35	34	15	-53	31	1422246051	2
35	34	15	-53	31	1422246051	3
35	34	15	-53	31	1422246051	4
35	34	15	-54	31	1422246051	5
35	34	15	-53	31	1422246051	6
35	34	15	-51	31	1422246051	7
35	34	15	-54	31	1422246051	8
35	34	15	-54	31	1422246051	9
35	34	16	-54	31	1422246051	0
35	34	16	-51	31	1422246051	1
35	34	16	-53	31	1422246051	2
35	34	16	-53	31	1422246051	3
35	34	16	-53	31	1422246051	4
35	34	16	-53	31	1422246051	5
35	34	16	-53	31	1422246051	6
35	34	16	-53	31	1422246051	7
35	34	16	-51	31	1422246051	8
35	34	16	-53	31	1422246051	9
35	34	17	-53	31	1422246051	0
35	34	17	-53	31	1422246051	1
35	34	17	-54	31	1422246051	2
35	34	17	-54	31	1422246051	3
35	34	17	-54	31	1422246051	4
35	34	17	-54	31	1422246051	5
35	34	17	-54	31	1422246051	6
35	34	17	-54	31	1422246051	7
35	34	17	-52	31	1422246051	8
35	34	17	-52	31	1422246051	9
35	34	18	-54	31	1422246051	0
35	34	18	-54	31	1422246051	1
35	34	18	-54	31	1422246051	2
35	34	18	-54	31	1422246051	3
35	34	18	-54	31	1422246051	4
35	34	18	-54	31	1422246051	5
35	34	18	-54	31	1422246051	6
35	34	18	-54	31	1422246051	7
35	34	18	-54	31	1422246051	8
35	34	18	-54	31	1422246051	9
35	34	19	-55	31	1422246051	0
35	34	19	-54	31	1422246051	1
35	34	19	-55	31	1422246051	2
35	34	19	-54	31	1422246051	3
35	34	19	-55	31	1422246051	4
35	34	19	-54	31	1422246051	5
35	34	19	-55	31	1422246051	6
35	34	19	-55	31	1422246051	7
35	34	19	-52	31	1422246051	8
35	34	19	-52	31	1422246051	9
35	34	20	-52	31	1422246051	0
35	34	20	-54	31	1422246051	1
35	34	20	-54	31	1422246051	2
35	34	20	-54	31	1422246051	3
35	34	20	-54	31	1422246051	4
35	34	20	-54	31	1422246051	5
35	34	20	-54	31	1422246051	6
35	34	20	-54	31	1422246051	7
35	34	20	-52	31	1422246051	8
35	34	20	-54	31	1422246051	9
35	34	21	-53	31	1422246051	0
35	34	21	-55	31	1422246051	1
35	34	21	-55	31	1422246051	2
35	34	21	-55	31	1422246051	3
35	34	21	-55	31	1422246051	4
35	34	21	-55	31	1422246051	5
35	34	21	-55	31	1422246051	6
35	34	21	-55	31	1422246051	7
35	34	21	-55	31	1422246051	8
35	34	21	-55	31	1422246051	9
35	34	22	-54	31	1422246051	0
35	34	22	-58	31	1422246051	1
35	34	22	-54	31	1422246051	2
35	34	22	-54	31	1422246051	3
35	34	22	-54	31	1422246051	4
35	34	22	-54	31	1422246051	5
35	34	22	-54	31	1422246051	7
35	34	22	-54	31	1422246051	8
35	34	22	-54	31	1422246051	9
35	34	23	-60	31	1422246051	0
35	34	23	-60	31	1422246051	1
35	34	23	-60	31	1422246051	2
35	34	23	-60	31	1422246051	3
35	34	23	-60	31	1422246051	4
35	34	23	-60	31	1422246051	5
35	34	23	-60	31	1422246051	6
35	34	23	-60	31	1422246051	7
35	34	23	-60	31	1422246051	8
35	34	23	-60	31	1422246051	9
35	34	24	-66	31	1422246051	0
35	34	24	-66	31	1422246051	1
35	34	24	-66	31	1422246051	2
35	34	24	-66	31	1422246051	3
35	34	24	-66	31	1422246051	4
35	34	24	-67	31	1422246051	5
35	34	24	-67	31	1422246051	6
35	34	24	-68	31	1422246051	7
35	34	24	-67	31	1422246051	8
35	34	24	-68	31	1422246051	9
35	34	25	-66	31	1422246051	0
35	34	25	-66	31	1422246051	1
35	34	25	-66	31	1422246051	2
35	34	25	-66	31	1422246051	3
35	34	25	-66	31	1422246051	4
35	34	25	-66	31	1422246051	5
35	34	25	-65	31	1422246051	6
35	34	25	-66	31	1422246051	7
35	34	25	-66	31	1422246051	8
35	34	25	-66	31	1422246051	9
35	34	26	-64	31	1422246051	0
35	34	26	-63	31	1422246051	1
35	34	26	-63	31	1422246051	2
35	34	26	-63	31	1422246051	3
35	34	26	-64	31	1422246051	4
35	34	26	-63	31	1422246051	5
35	34	26	-64	31	1422246051	6
35	34	26	-63	31	1422246051	7
35	34	26	-64	31	1422246051	8
35	34	26	-64	31	1422246051	9
0	34	0	0	31	1422246051	0
0	34	0	0	31	1422246051	0
0	34	0	0	31	1422246051	0
35	1	11	-45	31	1422246054	0
35	1	11	-45	31	1422246054	1
35	1	11	-45	31	1422246054	2
35	1	11	-45	31	1422246054	3
35	1	11	-45	31	1422246054	4
35	1	11	-45	31	1422246054	5
35	1	11	-45	31	1422246054	6
35	1	11	-45	31	1422246054	7
35	1	11	-45	31	1422246054	8
35	1	11	-45	31	1422246054	9
35	1	12	-44	31	1422246054	0
35	1	12	-44	31	1422246054	1
35	1	12	-44	31	1422246054	2
35	1	12	-44	31	1422246054	3
35	1	12	-44	31	1422246054	4
35	1	12	-44	31	1422246054	5
35	1	12	-44	31	1422246054	6
35	1	12	-45	31	1422246054	7
35	1	12	-44	31	1422246054	8
35	1	12	-44	31	1422246054	9
35	1	13	-44	31	1422246054	0
35	1	13	-44	31	1422246054	1
35	1	13	-43	31	1422246054	2
35	1	13	-44	31	1422246054	3
35	1	13	-44	31	1422246054	4
35	1	13	-43	31	1422246054	5
35	1	13	-44	31	1422246054	6
35	1	13	-44	31	1422246054	7
35	1	13	-43	31	1422246054	8
35	1	13	-44	31	1422246054	9
35	1	14	-43	31	1422246054	0
35	1	14	-43	31	1422246054	1
35	1	14	-43	31	1422246054	2
35	1	14	-44	31	1422246054	3
35	1	14	-44	31	1422246054	4
35	1	14	-43	31	1422246054	5
35	1	14	-44	31	1422246054	6
35	1	14	-44	31	1422246054	7
35	1	14	-43	31	1422246054	8
35	1	14	-43	31	1422246054	9
35	1	15	-43	31	1422246054	0
35	1	15	-43	31	1422246054	1
35	1	15	-43	31	1422246054	2
35	1	15	-43	31	1422246054	3
35	1	15	-43	31	1422246054	4
35	1	15	-43	31	1422246054	5
35	1	15	-43	31	1422246054	6
35	1	15	-43	31	1422246054	7
35	1	15	-43	31	1422246054	8
35	1	15	-43	31	1422246054	9
35	1	16	-42	31	1422246054	0
35	1	16	-42	31	1422246054	1
35	1	16	-42	31	1422246054	2
35	1	16	-42	31	1422246054	3
35	1	16	-42	31	1422246054	4
35	1	16	-42	31	1422246054	5
35	1	16	-42	31	1422246054	6
35	1	16	-42	31	1422246054	7
35	1	16	-42	31	1422246054	8
35	1	16	-42	31	1422246054	9
35	1	17	-41	31	1422246054	0
35	1	17	-41	31	1422246054	1
35	1	17	-41	31	1422246054	2
35	1	17	-41	31	1422246054	3
35	1	17	-41	31	1422246054	4
35	1	17	-41	31	1422246054	5
35	1	17	-41	31	1422246054	6
35	1	17	-41	31	1422246054	7
35	1	17	-41	31	1422246054	8
35	1	17	-41	31	1422246054	9
35	1	18	-41	31	1422246054	0
35	1	18	-41	31	1422246054	1
35	1	18	-41	31	1422246054	2
35	1	18	-41	31	1422246054	3
35	1	18	-41	31	1422246054	4
35	1	18	-41	31	1422246054	5
35	1	18	-41	31	1422246054	6
35	1	18	-41	31	1422246054	7
35	1	18	-41	31	1422246054	8
35	1	18	-41	31	1422246054	9
35	1	19	-40	31	1422246054	0
35	1	19	-40	31	1422246054	1
35	1	19	-40	31	1422246054	2
35	1	19	-40	31	1422246054	3
35	1	19	-40	31	1422246054	4
35	1	19	-40	31	1422246054	5
35	1	19	-40	31	1422246054	6
35	1	19	-39	31	1422246054	7
35	1	19	-40	31	1422246054	8
35	1	19	-40	31	1422246054	9
35	1	20	-39	31	1422246054	0
35	1	20	-39	31	1422246054	1
35	1	20	-39	31	1422246054	2
35	1	20	-39	31	1422246054	3
35	1	20	-39	31	1422246054	4
35	1	20	-39	31	1422246054	5
35	1	20	-39	31	1422246054	6
35	1	20	-39	31	1422246054	7
35	1	20	-40	31	1422246054	8
35	1	20	-40	31	1422246054	9
35	1	21	-39	31	1422246054	0
35	1	21	-39	31	1422246054	1
35	1	21	-39	31	1422246054	2
35	1	21	-39	31	1422246054	3
35	1	21	-39	31	1422246054	4
35	1	21	-39	31	1422246054	5
35	1	21	-39	31	1422246054	6
35	1	21	-39	31	1422246054	7
35	1	21	-39	31	1422246054	8
35	1	21	-39	31	1422246054	9
35	1	22	-40	31	1422246054	0
35	1	22	-39	31	1422246054	1
35	1	22	-39	31	1422246054	2
35	1	22	-39	31	1422246054	3
35	1	22	-39	31	1422246054	4
35	1	22	-39	31	1422246054	5
35	1	22	-40	31	1422246054	6
35	1	22	-39	31	1422246054	7
35	1	22	-39	31	1422246054	8
35	1	22	-40	31	1422246054	9
35	1	23	-40	31	1422246054	0
35	1	23	-40	31	1422246054	1
35	1	23	-40	31	1422246054	2
35	1	23	-40	31	1422246054	3
35	1	23	-40	31	1422246054	4
35	1	23	-40	31	1422246054	5
35	1	23	-40	31	1422246054	6
35	1	23	-40	31	1422246054	7
35	1	23	-40	31	1422246054	8
35	1	23	-40	31	1422246054	9
35	1	24	-41	31	1422246054	0
35	1	24	-41	31	1422246054	1
35	1	24	-41	31	1422246054	2
35	1	24	-41	31	1422246054	3
35	1	24	-41	31	1422246054	4
35	1	24	-41	31	1422246054	5
35	1	24	-41	31	1422246054	6
35	1	24	-41	31	1422246054	7
35	1	24	-41	31	1422246054	8
35	1	24	-41	31	1422246054	9
35	1	25	-41	31	1422246054	0
35	1	25	-41	31	1422246054	1
35	1	25	-41	31	1422246054	2
35	1	25	-41	31	1422246054	3
35	1	25	-41	31	1422246054	4
35	1	25	-40	31	1422246054	5
35	1	25	-41	31	1422246054	6
35	1	25	-41	31	1422246054	7
35	1	25	-41	31	1422246054	8
35	1	25	-41	31	1422246054	9
35	1	26	-41	31	1422246054	0
35	1	26	-40	31	1422246054	1
35	1	26	-40	31	1422246054	2
35	1	26	-40	31	1422246054	3
35	1	26	-40	31	1422246054	4
35	1	26	-40	31	1422246054	5
35	1	26	-40	31	1422246054	6
35	1	26	-40	31	1422246054	7
35	1	26	-40	31	1422246054	8
35	1	26	-40	31	1422246054	9
1	0	11	-70	31	1422246058	0
1	0	11	-70	31	1422246058	1
1	0	11	-70	31	1422246058	2
1	0	11	-70	31	1422246058	3
1	0	11	-71	31	1422246058	4
1	0	11	-70	31	1422246058	5
1	0	11	-70	31	1422246058	6
1	0	11	-70	31	1422246058	7
1	0	11	-70	31	1422246058	8
1	0	11	-69	31	1422246058	9
1	0	12	-56	31	1422246058	0
1	0	12	-60	31	1422246058	1
1	0	12	-59	31	1422246058	2
1	0	12	-59	31	1422246058	3
1	0	12	-56	31	1422246058	4
1	0	12	-57	31	1422246058	5
1	0	12	-57	31	1422246058	6
1	0	12	-57	31	1422246058	7
1	0	12	-59	31	1422246058	8
1	0	12	-60	31	1422246058	9
1	0	13	-55	31	1422246058	0
1	0	13	-55	31	1422246058	1
1	0	13	-55	31	1422246058	2
1	0	13	-55	31	1422246058	3
1	0	13	-55	31	1422246058	4
1	0	13	-55	31	1422246058	5
1	0	13	-55	31	1422246058	6
1	0	13	-55	31	1422246058	7
1	0	13	-55	31	1422246058	8
1	0	13	-55	31	1422246058	9
1	0	14	-53	31	1422246058	0
1	0	14	-53	31	1422246058	1
1	0	14	-53	31	1422246058	2
1	0	14	-50	31	1422246058	3
1	0	14	-53	31	1422246058	4
1	0	14	-53	31	1422246058	5
1	0	14	-53	31	1422246058	6
1	0	14	-53	31	1422246058	7
1	0	14	-53	31	1422246058	8
1	0	14	-50	31	1422246058	9
1	0	15	-52	31	1422246058	0
1	0	15	-50	31	1422246058	1
1	0	15	-52	31	1422246058	2
1	0	15	-49	31	1422246058	3
1	0	15	-52	31	1422246058	4
1	0	15	-49	31	1422246058	5
1	0	15	-52	31	1422246058	6
1	0	15	-52	31	1422246058	7
1	0	15	-52	31	1422246058	8
1	0	15	-52	31	1422246058	9
1	0	16	-53	31	1422246058	0
1	0	16	-50	31	1422246058	1
1	0	16	-53	31	1422246058	2
1	0	16	-53	31	1422246058	3
1	0	16	-51	31	1422246058	4
1	0	16	-53	31	1422246058	5
1	0	16	-51	31	1422246058	6
1	0	16	-53	31	1422246058	7
1	0	16	-53	31	1422246058	8
1	0	16	-53	31	1422246058	9
1	0	17	-53	31	1422246058	0
1	0	17	-53	31	1422246058	1
1	0	17	-52	31	1422246058	2
1	0	17	-53	31	1422246058	3
1	0	17	-54	31	1422246058	4
1	0	17	-53	31	1422246058	5
1	0	17	-53	31	1422246058	6
1	0	17	-53	31	1422246058	7
1	0	17	-52	31	1422246058	8
1	0	17	-54	31	1422246058	9
1	0	18	-54	31	1422246058	0
1	0	18	-54	31	1422246058	1
1	0	18	-54	31	1422246058	2
1	0	18	-53	31	1422246058	3
1	0	18	-52	31	1422246058	4
1	0	18	-51	31	1422246058	5
1	0	18	-53	31	1422246058	6
1	0	18	-53	31	1422246058	7
1	0	18	-54	31	1422246058	8
1	0	18	-53	31	1422246058	9
1	0	19	-53	31	1422246058	0
1	0	19	-53	31	1422246058	1
1	0	19	-54	31	1422246058	2
1	0	19	-53	31	1422246058	3
1	0	19	-53	31	1422246058	4
1	0	19	-53	31	1422246058	5
1	0	19	-51	31	1422246058	6
1	0	19	-51	31	1422246058	7
1	0	19	-53	31	1422246058	8
1	0	19	-53	31	1422246058	9
1	0	20	-52	31	1422246058	0
1	0	20	-49	31	1422246058	1
1	0	20	-52	31	1422246058	2
1	0	20	-52	31	1422246058	3
1	0	20	-49	31	1422246058	4
1	0	20	-49	31	1422246058	5
1	0	20	-49	31	1422246058	6
1	0	20	-52	31	1422246058	7
1	0	20	-52	31	1422246058	8
1	0	20	-49	31	1422246058	9
1	0	21	-51	31	1422246058	0
1	0	21	-51	31	1422246058	1
1	0	21	-49	31	1422246058	2
1	0	21	-51	31	1422246058	3
1	0	21	-51	31	1422246058	4
1	0	21	-51	31	1422246058	5
1	0	21	-51	31	1422246058	6
1	0	21	-51	31	1422246058	7
1	0	21	-51	31	1422246058	8
1	0	21	-51	31	1422246058	9
1	0	22	-49	31	1422246058	0
1	0	22	-51	31	1422246058	1
1	0	22	-51	31	1422246058	2
1	0	22	-51	31	1422246058	3
1	0	22	-51	31	1422246058	4
1	0	22	-49	31	1422246058	5
1	0	22	-51	31	1422246058	6
1	0	22	-49	31	1422246058	7
1	0	22	-51	31	1422246058	8
1	0	22	-49	31	1422246058	9
1	0	23	-50	31	1422246058	0
1	0	23	-47	31	1422246058	1
1	0	23	-47	31	1422246058	2
1	0	23	-47	31	1422246058	3
1	0	23	-50	31	1422246058	4
1	0	23	-50	31	1422246058	5
1	0	23	-50	31	1422246058	6
1	0	23	-50	31	1422246058	7
1	0	23	-47	31	1422246058	8
1	0	23	-50	31	1422246058	9
1	0	24	-49	31	1422246058	0
1	0	24	-47	31	1422246058	1
1	0	24	-47	31	1422246058	2
1	0	24	-47	31	1422246058	3
1	0	24	-49	31	1422246058	4
1	0	24	-46	31	1422246058	5
1	0	24	-46	31	1422246058	6
1	0	24	-46	31	1422246058	7
1	0	24	-46	31	1422246058	8
1	0	24	-49	31	1422246058	9
1	0	25	-49	31	1422246058	0
1	0	25	-49	31	1422246058	1
1	0	25	-49	31	1422246058	2
1	0	25	-45	31	1422246058	3
1	0	25	-45	31	1422246058	4
1	0	25	-45	31	1422246058	5
1	0	25	-45	31	1422246058	6
1	0	25	-45	31	1422246058	7
1	0	25	-45	31	1422246058	8
1	0	25	-49	31	1422246058	9
1	0	26	-47	31	1422246058	0
1	0	26	-46	31	1422246058	1
1	0	26	-49	31	1422246058	2
1	0	26	-45	31	1422246058	3
1	0	26	-49	31	1422246058	4
1	0	26	-45	31	1422246058	5
1	0	26	-46	31	1422246058	6
1	0	26	-46	31	1422246058	7
1	0	26	-49	31	1422246058	8
1	0	26	-46	31	1422246059	9
1	34	11	-54	31	1422246060	0
1	34	11	-54	31	1422246060	1
1	34	11	-54	31	1422246060	2
1	34	11	-54	31	1422246060	3
1	34	11	-54	31	1422246060	4
1	34	11	-53	31	1422246060	5
1	34	11	-53	31	1422246061	6
1	34	11	-53	31	1422246061	7
1	34	11	-53	31	1422246061	8
1	34	11	-53	31	1422246061	9
1	34	12	-58	31	1422246061	0
1	34	12	-56	31	1422246061	1
1	34	12	-56	31	1422246061	2
1	34	12	-58	31	1422246061	3
1	34	12	-58	31	1422246061	4
1	34	12	-58	31	1422246061	5
1	34	12	-56	31	1422246061	6
1	34	12	-58	31	1422246061	7
1	34	12	-56	31	1422246061	8
1	34	12	-58	31	1422246061	9
1	34	13	-61	31	1422246061	0
1	34	13	-62	31	1422246061	1
1	34	13	-62	31	1422246061	2
1	34	13	-61	31	1422246061	3
1	34	13	-62	31	1422246061	4
1	34	13	-61	31	1422246061	5
1	34	13	-62	31	1422246061	6
1	34	13	-61	31	1422246061	7
1	34	13	-61	31	1422246061	8
1	34	13	-61	31	1422246061	9
1	34	14	-62	31	1422246061	0
1	34	14	-62	31	1422246061	1
1	34	14	-62	31	1422246061	2
1	34	14	-62	31	1422246061	3
1	34	14	-62	31	1422246061	4
1	34	14	-62	31	1422246061	5
1	34	14	-62	31	1422246061	6
1	34	14	-62	31	1422246061	7
1	34	14	-62	31	1422246061	8
1	34	14	-62	31	1422246061	9
1	34	15	-67	31	1422246061	0
1	34	15	-67	31	1422246061	1
1	34	15	-67	31	1422246061	2
1	34	15	-68	31	1422246061	3
1	34	15	-68	31	1422246061	4
1	34	15	-68	31	1422246061	5
1	34	15	-67	31	1422246061	6
1	34	15	-68	31	1422246061	7
1	34	15	-68	31	1422246061	8
1	34	15	-68	31	1422246061	9
1	34	16	-72	31	1422246061	0
1	34	16	-73	31	1422246061	1
1	34	16	-72	31	1422246061	2
1	34	16	-73	31	1422246061	3
1	34	16	-72	31	1422246061	4
1	34	16	-73	31	1422246061	5
1	34	16	-72	31	1422246061	6
1	34	16	-72	31	1422246061	7
1	34	16	-72	31	1422246061	8
1	34	16	-71	31	1422246061	9
1	34	17	-70	31	1422246061	0
1	34	17	-72	31	1422246061	1
1	34	17	-70	31	1422246061	2
1	34	17	-70	31	1422246061	3
1	34	17	-70	31	1422246061	4
1	34	17	-72	31	1422246061	5
1	34	17	-70	31	1422246061	6
1	34	17	-70	31	1422246061	7
1	34	17	-72	31	1422246061	8
1	34	17	-70	31	1422246061	9
1	34	18	-68	31	1422246061	0
1	34	18	-68	31	1422246061	1
1	34	18	-68	31	1422246061	2
1	34	18	-69	31	1422246061	3
1	34	18	-69	31	1422246061	4
1	34	18	-69	31	1422246061	5
1	34	18	-69	31	1422246061	6
1	34	18	-69	31	1422246061	7
1	34	18	-70	31	1422246061	8
1	34	18	-70	31	1422246061	9
1	34	19	-66	31	1422246061	0
1	34	19	-66	31	1422246061	1
1	34	19	-65	31	1422246061	2
1	34	19	-65	31	1422246061	3
1	34	19	-65	31	1422246061	4
1	34	19	-65	31	1422246061	5
1	34	19	-65	31	1422246061	6
1	34	19	-64	31	1422246061	7
1	34	19	-64	31	1422246061	8
1	34	19	-64	31	1422246061	9
1	34	20	-62	31	1422246061	0
1	34	20	-62	31	1422246061	1
1	34	20	-62	31	1422246061	2
1	34	20	-62	31	1422246061	3
1	34	20	-62	31	1422246061	4
1	34	20	-62	31	1422246061	5
1	34	20	-62	31	1422246061	6
1	34	20	-62	31	1422246061	7
1	34	20	-62	31	1422246061	8
1	34	20	-62	31	1422246061	9
1	34	21	-59	31	1422246061	0
1	34	21	-56	31	1422246061	1
1	34	21	-59	31	1422246061	2
1	34	21	-56	31	1422246061	3
1	34	21	-57	31	1422246061	4
1	34	21	-56	31	1422246061	5
1	34	21	-59	31	1422246061	6
1	34	21	-56	31	1422246061	7
1	34	21	-60	31	1422246061	8
1	34	21	-59	31	1422246061	9
1	34	22	-57	31	1422246061	0
1	34	22	-54	31	1422246061	1
1	34	22	-54	31	1422246061	2
1	34	22	-54	31	1422246061	3
1	34	22	-54	31	1422246061	4
1	34	22	-57	31	1422246061	5
1	34	22	-54	31	1422246061	6
1	34	22	-58	31	1422246061	7
1	34	22	-54	31	1422246061	8
1	34	22	-54	31	1422246061	9
1	34	23	-54	31	1422246061	0
1	34	23	-54	31	1422246061	1
1	34	23	-54	31	1422246061	2
1	34	23	-54	31	1422246061	3
1	34	23	-54	31	1422246061	4
1	34	23	-57	31	1422246061	5
1	34	23	-54	31	1422246061	6
1	34	23	-53	31	1422246061	7
1	34	23	-54	31	1422246061	8
1	34	23	-54	31	1422246061	9
1	34	24	-54	31	1422246061	0
1	34	24	-54	31	1422246061	1
1	34	24	-54	31	1422246061	2
1	34	24	-54	31	1422246061	3
1	34	24	-54	31	1422246061	4
1	34	24	-54	31	1422246061	5
1	34	24	-54	31	1422246061	6
1	34	24	-57	31	1422246061	7
1	34	24	-54	31	1422246061	8
1	34	24	-54	31	1422246061	9
1	34	25	-54	31	1422246061	0
1	34	25	-58	31	1422246061	1
1	34	25	-54	31	1422246061	2
1	34	25	-54	31	1422246061	3
1	34	25	-58	31	1422246061	4
1	34	25	-54	31	1422246061	5
1	34	25	-54	31	1422246061	6
1	34	25	-58	31	1422246061	7
1	34	25	-54	31	1422246061	8
1	34	25	-54	31	1422246061	9
1	34	26	-60	31	1422246061	0
1	34	26	-60	31	1422246061	1
1	34	26	-60	31	1422246061	2
1	34	26	-60	31	1422246061	3
1	34	26	-60	31	1422246061	4
1	34	26	-60	31	1422246061	5
1	34	26	-60	31	1422246061	6
1	34	26	-60	31	1422246061	7
1	34	26	-60	31	1422246061	8
1	34	26	-60	31	1422246061	9
1	35	11	-39	31	1422246063	0
1	35	11	-39	31	1422246063	1
1	35	11	-39	31	1422246063	2
1	35	11	-39	31	1422246063	3
1	35	11	-39	31	1422246063	4
1	35	11	-39	31	1422246063	5
1	35	11	-39	31	1422246063	6
1	35	11	-39	31	1422246063	7
1	35	11	-39	31	1422246063	8
1	35	11	-40	31	1422246063	9
1	35	12	-39	31	1422246063	0
1	35	12	-39	31	1422246063	1
1	35	12	-39	31	1422246063	2
1	35	12	-39	31	1422246063	3
1	35	12	-40	31	1422246063	4
1	35	12	-39	31	1422246063	5
1	35	12	-39	31	1422246063	6
1	35	12	-39	31	1422246063	7
1	35	12	-40	31	1422246063	8
1	35	12	-39	31	1422246063	9
