334	100	11	-70	31	1425049783	0
334	100	11	-68	31	1425049783	1
334	100	11	-68	31	1425049783	2
334	100	11	-68	31	1425049783	3
334	100	11	-68	31	1425049783	4
357	100	11	-68	31	1425049783	0
357	100	11	-68	31	1425049783	1
357	100	11	-68	31	1425049783	2
357	100	11	-68	31	1425049783	3
357	100	11	-68	31	1425049783	4
367	100	11	-60	31	1425049783	0
367	100	11	-60	31	1425049783	1
367	100	11	-60	31	1425049783	2
367	100	11	-60	31	1425049783	3
367	100	11	-60	31	1425049783	4
333	100	11	-62	31	1425049783	0
333	100	11	-63	31	1425049783	1
333	100	11	-62	31	1425049783	2
333	100	11	-62	31	1425049783	3
333	100	11	-63	31	1425049783	4
363	100	11	-76	31	1425049783	0
363	100	11	-77	31	1425049783	2
363	100	11	-77	31	1425049783	3
363	100	11	-77	31	1425049783	4
368	100	11	-68	31	1425049783	0
368	100	11	-67	31	1425049783	1
368	100	11	-67	31	1425049783	2
368	100	11	-67	31	1425049783	3
368	100	11	-67	31	1425049783	4
100	334	11	-70	31	1425049787	0
100	334	11	-70	31	1425049787	1
100	334	11	-72	31	1425049787	2
100	334	11	-70	31	1425049787	4
357	334	11	-61	31	1425049787	0
357	334	11	-62	31	1425049787	1
357	334	11	-61	31	1425049787	2
357	334	11	-61	31	1425049787	3
357	334	11	-61	31	1425049787	4
367	334	11	-65	31	1425049787	0
367	334	11	-65	31	1425049787	1
367	334	11	-66	31	1425049787	2
367	334	11	-65	31	1425049787	3
367	334	11	-65	31	1425049787	4
333	334	11	-64	31	1425049787	0
333	334	11	-64	31	1425049787	1
333	334	11	-64	31	1425049787	2
333	334	11	-64	31	1425049787	3
333	334	11	-64	31	1425049787	4
363	334	11	-53	31	1425049787	0
363	334	11	-54	31	1425049787	1
363	334	11	-53	31	1425049787	2
363	334	11	-53	31	1425049787	3
363	334	11	-53	31	1425049787	4
368	334	11	-74	31	1425049787	0
368	334	11	-74	31	1425049787	1
368	334	11	-74	31	1425049787	2
368	334	11	-74	31	1425049787	3
368	334	11	-74	31	1425049787	4
100	357	11	-70	31	1425049787	0
100	357	11	-70	31	1425049787	1
100	357	11	-70	31	1425049787	2
100	357	11	-71	31	1425049787	3
100	357	11	-70	31	1425049787	4
334	357	11	-61	31	1425049787	0
334	357	11	-61	31	1425049787	1
334	357	11	-61	31	1425049787	2
334	357	11	-61	31	1425049787	3
334	357	11	-61	31	1425049787	4
367	357	11	-54	31	1425049787	0
367	357	11	-54	31	1425049787	1
367	357	11	-59	31	1425049787	2
367	357	11	-54	31	1425049787	3
367	357	11	-54	31	1425049787	4
333	357	11	-63	31	1425049787	0
333	357	11	-62	31	1425049787	1
333	357	11	-62	31	1425049787	2
333	357	11	-62	31	1425049787	3
333	357	11	-62	31	1425049787	4
363	357	11	-71	31	1425049787	0
363	357	11	-71	31	1425049787	1
363	357	11	-71	31	1425049787	2
363	357	11	-71	31	1425049787	3
363	357	11	-72	31	1425049787	4
368	357	11	-58	31	1425049787	0
368	357	11	-58	31	1425049787	1
368	357	11	-58	31	1425049787	2
368	357	11	-58	31	1425049787	3
368	357	11	-58	31	1425049787	4
100	367	11	-64	31	1425049791	0
100	367	11	-64	31	1425049791	1
100	367	11	-64	31	1425049791	2
100	367	11	-65	31	1425049791	3
100	367	11	-64	31	1425049791	4
334	367	11	-66	31	1425049791	0
334	367	11	-66	31	1425049791	1
334	367	11	-66	31	1425049791	2
334	367	11	-66	31	1425049791	3
334	367	11	-66	31	1425049791	4
357	367	11	-56	31	1425049791	0
357	367	11	-56	31	1425049791	1
357	367	11	-58	31	1425049791	2
357	367	11	-56	31	1425049791	3
357	367	11	-58	31	1425049791	4
333	367	11	-54	31	1425049791	0
333	367	11	-54	31	1425049791	1
333	367	11	-54	31	1425049791	2
333	367	11	-54	31	1425049791	3
333	367	11	-54	31	1425049791	4
363	367	11	-77	31	1425049791	0
363	367	11	-77	31	1425049791	2
363	367	11	-77	31	1425049791	3
363	367	11	-77	31	1425049791	4
368	367	11	-64	31	1425049791	0
368	367	11	-64	31	1425049791	1
368	367	11	-64	31	1425049791	2
368	367	11	-64	31	1425049791	3
368	367	11	-64	31	1425049791	4
100	333	11	-66	31	1425049794	0
100	333	11	-66	31	1425049794	1
100	333	11	-66	31	1425049794	2
100	333	11	-66	31	1425049794	4
334	333	11	-64	31	1425049794	0
334	333	11	-64	31	1425049794	1
334	333	11	-64	31	1425049794	2
334	333	11	-64	31	1425049794	3
334	333	11	-65	31	1425049794	4
357	333	11	-63	31	1425049794	0
357	333	11	-63	31	1425049794	1
357	333	11	-63	31	1425049794	2
357	333	11	-63	31	1425049794	3
357	333	11	-63	31	1425049794	4
367	333	11	-59	31	1425049794	0
367	333	11	-59	31	1425049794	1
367	333	11	-59	31	1425049794	2
367	333	11	-59	31	1425049794	3
367	333	11	-59	31	1425049794	4
363	333	11	-57	31	1425049794	0
363	333	11	-57	31	1425049794	1
363	333	11	-60	31	1425049794	2
363	333	11	-60	31	1425049794	3
363	333	11	-60	31	1425049794	4
368	333	11	-60	31	1425049794	0
368	333	11	-60	31	1425049794	1
368	333	11	-60	31	1425049794	2
368	333	11	-59	31	1425049794	3
368	333	11	-60	31	1425049794	4
100	363	11	-80	31	1425049797	0
100	363	11	-80	31	1425049797	1
100	363	11	-80	31	1425049798	2
100	363	11	-80	31	1425049798	4
334	363	11	-55	31	1425049798	0
334	363	11	-55	31	1425049798	1
334	363	11	-55	31	1425049798	2
334	363	11	-55	31	1425049798	3
334	363	11	-55	31	1425049798	4
357	363	11	-74	31	1425049798	0
357	363	11	-74	31	1425049798	1
357	363	11	-74	31	1425049798	2
357	363	11	-74	31	1425049798	3
357	363	11	-74	31	1425049798	4
367	363	11	-77	31	1425049798	0
367	363	11	-77	31	1425049798	1
367	363	11	-77	31	1425049798	2
367	363	11	-77	31	1425049798	3
367	363	11	-77	31	1425049798	4
333	363	11	-60	31	1425049798	0
333	363	11	-60	31	1425049798	1
333	363	11	-60	31	1425049798	2
333	363	11	-60	31	1425049798	3
333	363	11	-61	31	1425049798	4
368	363	11	-76	31	1425049798	0
368	363	11	-76	31	1425049798	1
368	363	11	-76	31	1425049798	2
368	363	11	-76	31	1425049798	3
368	363	11	-76	31	1425049798	4
100	368	11	-74	31	1425049801	0
100	368	11	-74	31	1425049801	1
100	368	11	-74	31	1425049801	2
100	368	11	-73	31	1425049801	4
334	368	11	-76	31	1425049801	0
334	368	11	-76	31	1425049801	1
334	368	11	-77	31	1425049801	2
334	368	11	-76	31	1425049801	3
334	368	11	-76	31	1425049801	4
357	368	11	-54	31	1425049801	0
357	368	11	-54	31	1425049801	1
357	368	11	-54	31	1425049801	2
367	368	11	-66	31	1425049801	2
333	368	11	-55	31	1425049801	3
363	368	11	-76	31	1425049801	4
334	100	12	-68	31	1425049802	0
334	100	12	-68	31	1425049802	1
334	100	12	-68	31	1425049802	2
334	100	12	-68	31	1425049802	3
334	100	12	-68	31	1425049802	4
357	100	12	-76	31	1425049802	0
357	100	12	-76	31	1425049802	1
357	100	12	-76	31	1425049802	2
357	100	12	-76	31	1425049802	3
357	100	12	-76	31	1425049802	4
367	100	12	-60	31	1425049802	0
367	100	12	-60	31	1425049802	1
367	100	12	-61	31	1425049802	2
367	100	12	-61	31	1425049802	3
367	100	12	-61	31	1425049802	4
333	100	12	-63	31	1425049802	0
333	100	12	-64	31	1425049802	1
333	100	12	-64	31	1425049802	2
333	100	12	-64	31	1425049802	3
333	100	12	-64	31	1425049802	4
363	100	12	-74	31	1425049802	0
363	100	12	-74	31	1425049802	1
363	100	12	-74	31	1425049802	2
363	100	12	-74	31	1425049802	3
363	100	12	-74	31	1425049802	4
368	100	12	-64	31	1425049802	0
368	100	12	-64	31	1425049802	1
368	100	12	-64	31	1425049802	2
368	100	12	-64	31	1425049802	3
368	100	12	-64	31	1425049802	4
100	334	12	-70	31	1425049803	0
100	334	12	-70	31	1425049803	1
100	334	12	-70	31	1425049803	2
100	334	12	-70	31	1425049803	3
100	334	12	-70	31	1425049803	4
357	334	12	-63	31	1425049803	0
357	334	12	-62	31	1425049803	1
357	334	12	-62	31	1425049803	2
357	334	12	-62	31	1425049803	3
357	334	12	-63	31	1425049803	4
367	334	12	-66	31	1425049803	0
367	334	12	-66	31	1425049803	1
367	334	12	-66	31	1425049803	2
367	334	12	-66	31	1425049803	3
367	334	12	-66	31	1425049803	4
333	334	12	-66	31	1425049803	0
333	334	12	-66	31	1425049803	1
333	334	12	-66	31	1425049803	2
333	334	12	-66	31	1425049803	3
333	334	12	-66	31	1425049803	4
363	334	12	-52	31	1425049803	0
363	334	12	-53	31	1425049803	1
363	334	12	-53	31	1425049803	2
363	334	12	-53	31	1425049803	3
363	334	12	-53	31	1425049803	4
368	334	12	-74	31	1425049803	0
368	334	12	-74	31	1425049803	1
368	334	12	-74	31	1425049803	2
368	334	12	-74	31	1425049803	3
368	334	12	-74	31	1425049803	4
100	357	12	-78	31	1425049803	0
100	357	12	-78	31	1425049803	1
100	357	12	-78	31	1425049803	2
100	357	12	-79	31	1425049803	3
100	357	12	-78	31	1425049803	4
334	357	12	-62	31	1425049803	0
334	357	12	-62	31	1425049803	1
334	357	12	-62	31	1425049803	2
334	357	12	-62	31	1425049803	3
334	357	12	-62	31	1425049803	4
367	357	12	-59	31	1425049803	0
367	357	12	-59	31	1425049803	1
367	357	12	-59	31	1425049803	2
367	357	12	-59	31	1425049803	3
367	357	12	-59	31	1425049803	4
333	357	12	-62	31	1425049803	0
333	357	12	-62	31	1425049803	1
333	357	12	-62	31	1425049803	2
333	357	12	-62	31	1425049803	3
333	357	12	-62	31	1425049803	4
363	357	12	-70	31	1425049803	0
363	357	12	-71	31	1425049803	1
363	357	12	-71	31	1425049803	2
363	357	12	-70	31	1425049803	3
363	357	12	-71	31	1425049803	4
368	357	12	-59	31	1425049803	0
368	357	12	-59	31	1425049803	1
368	357	12	-59	31	1425049803	2
368	357	12	-57	31	1425049803	3
368	357	12	-57	31	1425049803	4
100	367	12	-64	31	1425049804	0
100	367	12	-64	31	1425049804	1
100	367	12	-64	31	1425049804	2
100	367	12	-64	31	1425049804	3
100	367	12	-64	31	1425049804	4
334	367	12	-68	31	1425049804	0
334	367	12	-68	31	1425049804	1
334	367	12	-68	31	1425049804	2
334	367	12	-68	31	1425049804	3
334	367	12	-68	31	1425049804	4
357	367	12	-55	31	1425049804	0
357	367	12	-55	31	1425049804	1
357	367	12	-55	31	1425049804	2
357	367	12	-56	31	1425049804	3
357	367	12	-56	31	1425049804	4
333	367	12	-54	31	1425049804	0
333	367	12	-59	31	1425049804	1
333	367	12	-59	31	1425049804	2
333	367	12	-59	31	1425049804	3
333	367	12	-54	31	1425049804	4
363	367	12	-76	31	1425049804	0
363	367	12	-76	31	1425049804	1
363	367	12	-76	31	1425049804	2
363	367	12	-76	31	1425049804	3
363	367	12	-76	31	1425049804	4
368	367	12	-62	31	1425049804	0
368	367	12	-62	31	1425049804	1
368	367	12	-62	31	1425049804	2
368	367	12	-62	31	1425049804	3
368	367	12	-62	31	1425049804	4
100	333	12	-67	31	1425049804	0
100	333	12	-67	31	1425049804	1
100	333	12	-67	31	1425049804	2
100	333	12	-67	31	1425049804	3
100	333	12	-67	31	1425049804	4
334	333	12	-66	31	1425049804	0
334	333	12	-66	31	1425049804	1
334	333	12	-66	31	1425049804	2
334	333	12	-66	31	1425049804	3
334	333	12	-66	31	1425049804	4
357	333	12	-64	31	1425049804	0
357	333	12	-62	31	1425049804	1
357	333	12	-62	31	1425049804	2
357	333	12	-62	31	1425049804	3
357	333	12	-62	31	1425049804	4
367	333	12	-59	31	1425049804	0
367	333	12	-59	31	1425049804	1
367	333	12	-59	31	1425049804	2
367	333	12	-59	31	1425049804	3
367	333	12	-58	31	1425049804	4
363	333	12	-56	31	1425049804	0
363	333	12	-56	31	1425049804	1
363	333	12	-56	31	1425049804	2
363	333	12	-56	31	1425049804	3
363	333	12	-56	31	1425049804	4
368	333	12	-54	31	1425049804	0
368	333	12	-54	31	1425049804	1
368	333	12	-54	31	1425049804	2
368	333	12	-54	31	1425049804	3
368	333	12	-54	31	1425049804	4
100	363	12	-80	31	1425049805	0
100	363	12	-80	31	1425049805	1
100	363	12	-80	31	1425049805	2
100	363	12	-80	31	1425049805	3
100	363	12	-80	31	1425049805	4
334	363	12	-55	31	1425049805	0
334	363	12	-54	31	1425049805	1
334	363	12	-55	31	1425049805	2
334	363	12	-54	31	1425049805	3
334	363	12	-55	31	1425049805	4
357	363	12	-73	31	1425049805	0
357	363	12	-73	31	1425049805	1
357	363	12	-73	31	1425049805	2
357	363	12	-73	31	1425049805	3
357	363	12	-73	31	1425049805	4
367	363	12	-76	31	1425049805	0
367	363	12	-76	31	1425049805	1
367	363	12	-76	31	1425049805	2
367	363	12	-76	31	1425049805	3
367	363	12	-76	31	1425049805	4
333	363	12	-60	31	1425049805	0
333	363	12	-60	31	1425049805	1
333	363	12	-60	31	1425049805	2
333	363	12	-60	31	1425049805	3
333	363	12	-60	31	1425049805	4
368	363	12	-76	31	1425049805	0
368	363	12	-76	31	1425049805	1
368	363	12	-76	31	1425049805	2
368	363	12	-76	31	1425049805	3
368	363	12	-76	31	1425049805	4
100	368	12	-69	31	1425049808	0
100	368	12	-68	31	1425049808	1
100	368	12	-68	31	1425049808	2
100	368	12	-69	31	1425049808	3
100	368	12	-68	31	1425049808	4
334	368	12	-75	31	1425049808	0
334	368	12	-75	31	1425049808	1
334	368	12	-76	31	1425049809	2
334	368	12	-76	31	1425049809	3
334	368	12	-76	31	1425049809	4
357	368	12	-54	31	1425049809	0
357	368	12	-54	31	1425049809	1
357	368	12	-54	31	1425049809	2
357	368	12	-54	31	1425049809	3
357	368	12	-54	31	1425049809	4
367	368	12	-62	31	1425049809	0
367	368	12	-64	31	1425049809	1
367	368	12	-62	31	1425049809	2
367	368	12	-62	31	1425049809	3
367	368	12	-62	31	1425049809	4
333	368	12	-55	31	1425049809	0
333	368	12	-58	31	1425049809	1
333	368	12	-56	31	1425049809	2
333	368	12	-58	31	1425049809	3
333	368	12	-58	31	1425049809	4
363	368	12	-76	31	1425049809	2
363	368	12	-77	31	1425049809	3
334	100	13	-66	31	1425049810	0
334	100	13	-66	31	1425049810	1
334	100	13	-66	31	1425049810	2
334	100	13	-66	31	1425049810	3
334	100	13	-66	31	1425049810	4
357	100	13	-77	31	1425049810	1
357	100	13	-77	31	1425049810	2
357	100	13	-76	31	1425049810	3
357	100	13	-77	31	1425049810	4
367	100	13	-61	31	1425049810	0
367	100	13	-61	31	1425049810	1
367	100	13	-60	31	1425049810	2
367	100	13	-61	31	1425049810	3
367	100	13	-61	31	1425049810	4
333	100	13	-64	31	1425049810	0
333	100	13	-64	31	1425049810	1
333	100	13	-64	31	1425049810	2
333	100	13	-64	31	1425049810	3
333	100	13	-64	31	1425049810	4
363	100	13	-74	31	1425049810	0
363	100	13	-74	31	1425049810	1
363	100	13	-74	31	1425049810	2
363	100	13	-75	31	1425049810	3
363	100	13	-74	31	1425049810	4
368	100	13	-62	31	1425049810	0
368	100	13	-62	31	1425049810	1
368	100	13	-62	31	1425049810	2
368	100	13	-62	31	1425049810	3
368	100	13	-62	31	1425049810	4
100	334	13	-69	31	1425049813	1
100	334	13	-69	31	1425049813	2
100	334	13	-69	31	1425049813	3
100	334	13	-69	31	1425049813	4
357	334	13	-60	31	1425049813	1
357	334	13	-60	31	1425049813	2
357	334	13	-60	31	1425049813	3
357	334	13	-60	31	1425049813	4
367	334	13	-65	31	1425049813	0
367	334	13	-65	31	1425049813	1
367	334	13	-65	31	1425049813	2
367	334	13	-64	31	1425049813	3
367	334	13	-64	31	1425049813	4
333	334	13	-67	31	1425049813	0
333	334	13	-67	31	1425049813	1
333	334	13	-67	31	1425049813	2
333	334	13	-67	31	1425049813	3
333	334	13	-68	31	1425049813	4
363	334	13	-53	31	1425049813	0
363	334	13	-54	31	1425049813	1
363	334	13	-53	31	1425049813	2
363	334	13	-54	31	1425049813	3
363	334	13	-53	31	1425049813	4
368	334	13	-69	31	1425049813	0
368	334	13	-69	31	1425049813	1
368	334	13	-69	31	1425049813	2
368	334	13	-69	31	1425049813	3
368	334	13	-69	31	1425049813	4
100	357	13	-80	31	1425049816	1
100	357	13	-80	31	1425049816	2
100	357	13	-80	31	1425049816	3
100	357	13	-80	31	1425049816	4
334	357	13	-61	31	1425049816	0
334	357	13	-61	31	1425049816	1
334	357	13	-61	31	1425049816	2
334	357	13	-61	31	1425049816	3
334	357	13	-60	31	1425049816	4
367	357	13	-59	31	1425049816	0
367	357	13	-59	31	1425049816	1
367	357	13	-59	31	1425049816	2
367	357	13	-59	31	1425049816	3
367	357	13	-59	31	1425049816	4
333	357	13	-58	31	1425049816	0
333	357	13	-58	31	1425049816	1
333	357	13	-58	31	1425049816	2
333	357	13	-58	31	1425049816	3
333	357	13	-58	31	1425049816	4
363	357	13	-67	31	1425049816	0
363	357	13	-68	31	1425049816	1
363	357	13	-66	31	1425049816	2
363	357	13	-67	31	1425049816	3
363	357	13	-67	31	1425049816	4
368	357	13	-60	31	1425049816	0
368	357	13	-60	31	1425049816	1
368	357	13	-59	31	1425049816	2
368	357	13	-60	31	1425049816	3
368	357	13	-54	31	1425049817	4
100	367	13	-64	31	1425049820	1
100	367	13	-64	31	1425049820	2
100	367	13	-64	31	1425049820	3
100	367	13	-64	31	1425049820	4
334	367	13	-66	31	1425049820	0
334	367	13	-66	31	1425049820	1
334	367	13	-66	31	1425049820	2
334	367	13	-66	31	1425049820	3
334	367	13	-66	31	1425049820	4
357	367	13	-60	31	1425049820	0
357	367	13	-60	31	1425049820	1
357	367	13	-60	31	1425049820	2
357	367	13	-60	31	1425049820	3
357	367	13	-60	31	1425049820	4
333	367	13	-59	31	1425049820	0
333	367	13	-59	31	1425049820	1
333	367	13	-59	31	1425049820	2
333	367	13	-59	31	1425049820	3
333	367	13	-59	31	1425049820	4
363	367	13	-69	31	1425049820	0
363	367	13	-69	31	1425049820	1
363	367	13	-69	31	1425049820	2
363	367	13	-69	31	1425049820	3
363	367	13	-69	31	1425049820	4
368	367	13	-61	31	1425049820	0
368	367	13	-61	31	1425049820	1
368	367	13	-61	31	1425049820	2
368	367	13	-61	31	1425049820	3
368	367	13	-61	31	1425049820	4
100	333	13	-68	31	1425049823	1
100	333	13	-68	31	1425049823	2
100	333	13	-68	31	1425049823	3
100	333	13	-68	31	1425049823	4
334	333	13	-69	31	1425049823	0
334	333	13	-68	31	1425049823	1
334	333	13	-68	31	1425049823	2
334	333	13	-68	31	1425049823	3
334	333	13	-68	31	1425049823	4
357	333	13	-59	31	1425049823	0
357	333	13	-59	31	1425049823	1
357	333	13	-59	31	1425049823	2
357	333	13	-59	31	1425049823	3
357	333	13	-59	31	1425049823	4
367	333	13	-58	31	1425049823	0
367	333	13	-58	31	1425049823	1
367	333	13	-58	31	1425049823	2
367	333	13	-58	31	1425049823	3
367	333	13	-58	31	1425049823	4
363	333	13	-56	31	1425049823	0
363	333	13	-56	31	1425049823	1
363	333	13	-56	31	1425049823	2
363	333	13	-55	31	1425049823	3
363	333	13	-56	31	1425049823	4
368	333	13	-61	31	1425049823	0
368	333	13	-54	31	1425049823	1
368	333	13	-54	31	1425049823	2
368	333	13	-54	31	1425049823	3
368	333	13	-59	31	1425049823	4
100	363	13	-78	31	1425049827	1
100	363	13	-78	31	1425049827	2
100	363	13	-78	31	1425049827	3
100	363	13	-78	31	1425049827	4
334	363	13	-55	31	1425049827	0
334	363	13	-55	31	1425049827	1
334	363	13	-55	31	1425049827	2
334	363	13	-55	31	1425049827	3
334	363	13	-55	31	1425049827	4
357	363	13	-68	31	1425049827	1
357	363	13	-68	31	1425049827	2
357	363	13	-68	31	1425049827	3
357	363	13	-68	31	1425049827	4
367	363	13	-69	31	1425049827	0
367	363	13	-69	31	1425049827	1
367	363	13	-69	31	1425049827	2
367	363	13	-69	31	1425049827	3
367	363	13	-69	31	1425049827	4
333	363	13	-59	31	1425049827	0
333	363	13	-59	31	1425049827	1
333	363	13	-59	31	1425049827	2
333	363	13	-59	31	1425049827	3
333	363	13	-59	31	1425049827	4
368	363	13	-77	31	1425049827	0
368	363	13	-76	31	1425049827	1
368	363	13	-76	31	1425049827	2
368	363	13	-76	31	1425049827	3
368	363	13	-76	31	1425049827	4
100	368	13	-67	31	1425049830	0
100	368	13	-66	31	1425049830	1
100	368	13	-66	31	1425049830	2
100	368	13	-66	31	1425049830	3
100	368	13	-66	31	1425049830	4
334	368	13	-71	31	1425049830	0
334	368	13	-70	31	1425049830	1
334	368	13	-70	31	1425049830	2
334	368	13	-70	31	1425049830	3
334	368	13	-71	31	1425049830	4
357	368	13	-58	31	1425049830	0
357	368	13	-58	31	1425049830	1
357	368	13	-58	31	1425049830	2
357	368	13	-56	31	1425049830	3
357	368	13	-58	31	1425049830	4
367	368	13	-62	31	1425049830	0
367	368	13	-62	31	1425049830	1
367	368	13	-62	31	1425049830	2
367	368	13	-62	31	1425049830	3
367	368	13	-62	31	1425049830	4
333	368	13	-58	31	1425049830	0
333	368	13	-55	31	1425049830	1
333	368	13	-58	31	1425049830	2
333	368	13	-55	31	1425049830	3
333	368	13	-58	31	1425049830	4
363	368	13	-76	31	1425049830	0
363	368	13	-77	31	1425049830	1
363	368	13	-77	31	1425049830	3
334	100	14	-66	31	1425049832	0
334	100	14	-66	31	1425049832	1
334	100	14	-66	31	1425049832	2
334	100	14	-66	31	1425049832	3
334	100	14	-66	31	1425049832	4
357	100	14	-70	31	1425049832	0
357	100	14	-70	31	1425049832	1
357	100	14	-70	31	1425049832	2
357	100	14	-70	31	1425049832	3
357	100	14	-70	31	1425049832	4
367	100	14	-60	31	1425049832	0
367	100	14	-60	31	1425049832	1
367	100	14	-60	31	1425049832	2
367	100	14	-60	31	1425049832	3
367	100	14	-60	31	1425049832	4
333	100	14	-70	31	1425049832	0
333	100	14	-70	31	1425049832	1
333	100	14	-70	31	1425049832	2
333	100	14	-70	31	1425049832	3
333	100	14	-70	31	1425049832	4
363	100	14	-74	31	1425049832	0
363	100	14	-74	31	1425049832	1
363	100	14	-73	31	1425049832	2
363	100	14	-73	31	1425049832	3
363	100	14	-74	31	1425049832	4
368	100	14	-65	31	1425049832	0
368	100	14	-65	31	1425049832	1
368	100	14	-64	31	1425049832	2
368	100	14	-64	31	1425049832	3
368	100	14	-64	31	1425049832	4
100	334	14	-68	31	1425049832	0
100	334	14	-68	31	1425049832	1
100	334	14	-68	31	1425049832	2
100	334	14	-69	31	1425049832	3
100	334	14	-68	31	1425049832	4
357	334	14	-59	31	1425049832	0
357	334	14	-59	31	1425049832	1
357	334	14	-59	31	1425049832	2
357	334	14	-59	31	1425049832	3
357	334	14	-59	31	1425049832	4
367	334	14	-62	31	1425049832	0
367	334	14	-62	31	1425049832	1
367	334	14	-62	31	1425049832	2
367	334	14	-62	31	1425049832	3
367	334	14	-62	31	1425049832	4
333	334	14	-68	31	1425049832	0
333	334	14	-68	31	1425049832	1
333	334	14	-68	31	1425049832	2
333	334	14	-68	31	1425049832	3
333	334	14	-69	31	1425049832	4
363	334	14	-55	31	1425049832	0
363	334	14	-54	31	1425049832	1
363	334	14	-53	31	1425049832	2
363	334	14	-54	31	1425049832	3
363	334	14	-53	31	1425049832	4
368	334	14	-68	31	1425049832	0
368	334	14	-68	31	1425049832	1
368	334	14	-68	31	1425049832	2
368	334	14	-68	31	1425049832	3
368	334	14	-68	31	1425049832	4
100	357	14	-74	31	1425049832	0
100	357	14	-74	31	1425049832	1
100	357	14	-74	31	1425049832	2
100	357	14	-74	31	1425049832	3
100	357	14	-74	31	1425049832	4
334	357	14	-60	31	1425049832	0
334	357	14	-56	31	1425049832	1
334	357	14	-59	31	1425049832	2
334	357	14	-59	31	1425049832	3
334	357	14	-59	31	1425049832	4
367	357	14	-62	31	1425049832	0
367	357	14	-62	31	1425049832	1
367	357	14	-62	31	1425049832	2
367	357	14	-62	31	1425049832	3
367	357	14	-62	31	1425049832	4
333	357	14	-59	31	1425049832	0
333	357	14	-59	31	1425049832	1
333	357	14	-59	31	1425049832	2
333	357	14	-59	31	1425049832	3
333	357	14	-59	31	1425049832	4
363	357	14	-64	31	1425049832	0
363	357	14	-64	31	1425049833	1
363	357	14	-64	31	1425049833	2
363	357	14	-64	31	1425049833	3
363	357	14	-64	31	1425049833	4
368	357	14	-60	31	1425049833	0
368	357	14	-60	31	1425049833	1
368	357	14	-60	31	1425049833	2
368	357	14	-61	31	1425049833	3
368	357	14	-61	31	1425049833	4
100	367	14	-64	31	1425049833	0
100	367	14	-64	31	1425049833	1
100	367	14	-64	31	1425049833	2
100	367	14	-64	31	1425049833	3
100	367	14	-64	31	1425049833	4
334	367	14	-63	31	1425049833	0
334	367	14	-62	31	1425049833	1
334	367	14	-63	31	1425049833	2
334	367	14	-62	31	1425049833	3
334	367	14	-63	31	1425049833	4
357	367	14	-62	31	1425049833	0
357	367	14	-62	31	1425049833	1
357	367	14	-62	31	1425049833	2
357	367	14	-62	31	1425049833	3
357	367	14	-62	31	1425049833	4
333	367	14	-58	31	1425049833	0
333	367	14	-58	31	1425049833	1
333	367	14	-58	31	1425049833	2
333	367	14	-58	31	1425049833	3
333	367	14	-58	31	1425049833	4
363	367	14	-68	31	1425049833	0
363	367	14	-68	31	1425049833	1
363	367	14	-68	31	1425049833	2
363	367	14	-68	31	1425049833	3
363	367	14	-68	31	1425049833	4
368	367	14	-58	31	1425049833	0
368	367	14	-58	31	1425049833	1
368	367	14	-58	31	1425049833	2
368	367	14	-59	31	1425049833	3
368	367	14	-56	31	1425049833	4
100	333	14	-74	31	1425049833	0
100	333	14	-74	31	1425049833	1
100	333	14	-74	31	1425049833	2
100	333	14	-76	31	1425049833	3
100	333	14	-76	31	1425049833	4
334	333	14	-68	31	1425049833	0
334	333	14	-68	31	1425049833	1
334	333	14	-68	31	1425049833	2
334	333	14	-68	31	1425049833	3
334	333	14	-68	31	1425049833	4
357	333	14	-59	31	1425049833	0
357	333	14	-60	31	1425049833	1
357	333	14	-61	31	1425049833	2
357	333	14	-54	31	1425049833	3
357	333	14	-59	31	1425049833	4
367	333	14	-55	31	1425049833	0
367	333	14	-55	31	1425049833	1
367	333	14	-55	31	1425049833	2
367	333	14	-55	31	1425049833	3
367	333	14	-55	31	1425049833	4
363	333	14	-58	31	1425049833	0
363	333	14	-59	31	1425049833	1
363	333	14	-59	31	1425049833	2
363	333	14	-59	31	1425049833	3
363	333	14	-59	31	1425049833	4
368	333	14	-54	31	1425049833	0
368	333	14	-54	31	1425049833	1
368	333	14	-54	31	1425049833	2
368	333	14	-54	31	1425049833	3
368	333	14	-54	31	1425049833	4
100	363	14	-78	31	1425049834	0
100	363	14	-78	31	1425049834	1
100	363	14	-78	31	1425049834	2
100	363	14	-78	31	1425049834	3
100	363	14	-78	31	1425049834	4
334	363	14	-55	31	1425049834	0
334	363	14	-55	31	1425049834	1
334	363	14	-55	31	1425049834	2
334	363	14	-55	31	1425049834	3
334	363	14	-55	31	1425049834	4
357	363	14	-65	31	1425049834	0
357	363	14	-65	31	1425049834	1
357	363	14	-65	31	1425049834	2
357	363	14	-65	31	1425049834	3
357	363	14	-65	31	1425049834	4
367	363	14	-68	31	1425049834	0
367	363	14	-68	31	1425049834	1
367	363	14	-68	31	1425049834	2
367	363	14	-68	31	1425049834	3
367	363	14	-68	31	1425049834	4
333	363	14	-60	31	1425049834	0
333	363	14	-60	31	1425049834	1
333	363	14	-60	31	1425049834	2
333	363	14	-60	31	1425049834	3
333	363	14	-60	31	1425049834	4
368	363	14	-74	31	1425049834	0
368	363	14	-74	31	1425049834	1
368	363	14	-74	31	1425049834	2
368	363	14	-74	31	1425049834	3
368	363	14	-75	31	1425049834	4
100	368	14	-70	31	1425049838	0
100	368	14	-70	31	1425049838	1
100	368	14	-70	31	1425049838	2
100	368	14	-70	31	1425049838	3
100	368	14	-70	31	1425049838	4
334	368	14	-70	31	1425049838	0
334	368	14	-70	31	1425049838	1
334	368	14	-70	31	1425049838	2
334	368	14	-70	31	1425049838	3
334	368	14	-70	31	1425049838	4
357	368	14	-62	31	1425049838	0
357	368	14	-62	31	1425049838	1
357	368	14	-62	31	1425049838	2
357	368	14	-62	31	1425049838	3
357	368	14	-62	31	1425049838	4
367	368	14	-59	31	1425049838	0
367	368	14	-59	31	1425049838	1
367	368	14	-59	31	1425049838	2
367	368	14	-59	31	1425049838	3
367	368	14	-56	31	1425049838	4
333	368	14	-58	31	1425049838	0
333	368	14	-58	31	1425049838	1
333	368	14	-58	31	1425049838	2
363	368	14	-74	31	1425049838	0
363	368	14	-74	31	1425049838	1
363	368	14	-75	31	1425049838	4
334	100	15	-66	31	1425049839	0
334	100	15	-65	31	1425049839	1
334	100	15	-66	31	1425049839	2
334	100	15	-65	31	1425049839	3
334	100	15	-66	31	1425049839	4
357	100	15	-64	31	1425049839	0
357	100	15	-64	31	1425049839	1
357	100	15	-64	31	1425049839	2
357	100	15	-64	31	1425049839	3
357	100	15	-64	31	1425049839	4
367	100	15	-59	31	1425049839	0
367	100	15	-59	31	1425049839	1
367	100	15	-59	31	1425049839	2
367	100	15	-59	31	1425049839	3
367	100	15	-59	31	1425049839	4
333	100	15	-64	31	1425049839	0
333	100	15	-64	31	1425049839	1
333	100	15	-64	31	1425049839	2
333	100	15	-64	31	1425049839	3
333	100	15	-64	31	1425049839	4
363	100	15	-75	31	1425049839	0
363	100	15	-75	31	1425049839	1
363	100	15	-75	31	1425049839	2
363	100	15	-75	31	1425049839	3
363	100	15	-75	31	1425049839	4
368	100	15	-70	31	1425049839	0
368	100	15	-70	31	1425049839	1
368	100	15	-70	31	1425049839	2
368	100	15	-70	31	1425049839	3
368	100	15	-70	31	1425049839	4
100	334	15	-69	31	1425049839	0
100	334	15	-69	31	1425049839	1
100	334	15	-69	31	1425049839	2
100	334	15	-69	31	1425049839	3
100	334	15	-69	31	1425049839	4
357	334	15	-54	31	1425049839	0
357	334	15	-55	31	1425049839	1
357	334	15	-57	31	1425049839	2
357	334	15	-55	31	1425049839	3
357	334	15	-55	31	1425049839	4
367	334	15	-62	31	1425049839	0
367	334	15	-62	31	1425049839	1
367	334	15	-62	31	1425049839	2
367	334	15	-62	31	1425049839	3
367	334	15	-62	31	1425049839	4
333	334	15	-64	31	1425049839	0
333	334	15	-64	31	1425049839	1
333	334	15	-64	31	1425049839	2
333	334	15	-64	31	1425049839	3
333	334	15	-64	31	1425049839	4
363	334	15	-55	31	1425049839	0
363	334	15	-55	31	1425049839	1
363	334	15	-55	31	1425049839	2
363	334	15	-55	31	1425049839	3
363	334	15	-55	31	1425049839	4
368	334	15	-70	31	1425049839	0
368	334	15	-70	31	1425049839	1
368	334	15	-70	31	1425049839	2
368	334	15	-70	31	1425049839	3
368	334	15	-70	31	1425049839	4
100	357	15	-68	31	1425049840	0
100	357	15	-68	31	1425049840	1
100	357	15	-68	31	1425049840	2
100	357	15	-68	31	1425049840	3
100	357	15	-68	31	1425049840	4
334	357	15	-55	31	1425049840	0
334	357	15	-55	31	1425049840	1
334	357	15	-55	31	1425049840	2
334	357	15	-55	31	1425049840	3
334	357	15	-55	31	1425049840	4
367	357	15	-64	31	1425049840	0
367	357	15	-65	31	1425049840	1
367	357	15	-64	31	1425049840	2
367	357	15	-64	31	1425049840	3
367	357	15	-64	31	1425049840	4
333	357	15	-57	31	1425049840	0
333	357	15	-57	31	1425049840	1
333	357	15	-57	31	1425049840	2
333	357	15	-57	31	1425049840	3
333	357	15	-57	31	1425049840	4
363	357	15	-63	31	1425049840	0
363	357	15	-63	31	1425049840	1
363	357	15	-63	31	1425049840	2
363	357	15	-62	31	1425049840	3
363	357	15	-63	31	1425049840	4
368	357	15	-62	31	1425049840	0
368	357	15	-62	31	1425049840	1
368	357	15	-61	31	1425049840	2
368	357	15	-62	31	1425049840	3
368	357	15	-61	31	1425049840	4
100	367	15	-63	31	1425049840	0
100	367	15	-63	31	1425049840	1
100	367	15	-63	31	1425049840	2
100	367	15	-63	31	1425049840	3
100	367	15	-63	31	1425049840	4
334	367	15	-62	31	1425049840	0
334	367	15	-63	31	1425049840	1
334	367	15	-62	31	1425049840	2
334	367	15	-63	31	1425049840	3
334	367	15	-62	31	1425049840	4
357	367	15	-65	31	1425049840	0
357	367	15	-66	31	1425049840	1
357	367	15	-66	31	1425049840	2
357	367	15	-65	31	1425049840	3
357	367	15	-66	31	1425049840	4
333	367	15	-60	31	1425049840	0
333	367	15	-60	31	1425049840	1
333	367	15	-60	31	1425049840	2
333	367	15	-60	31	1425049840	3
333	367	15	-60	31	1425049840	4
363	367	15	-69	31	1425049840	0
363	367	15	-69	31	1425049840	1
363	367	15	-68	31	1425049840	2
363	367	15	-69	31	1425049840	3
363	367	15	-69	31	1425049840	4
368	367	15	-54	31	1425049840	0
368	367	15	-54	31	1425049840	1
368	367	15	-54	31	1425049840	2
368	367	15	-54	31	1425049840	3
368	367	15	-54	31	1425049840	4
100	333	15	-68	31	1425049841	0
100	333	15	-68	31	1425049841	1
100	333	15	-68	31	1425049841	2
100	333	15	-68	31	1425049841	3
100	333	15	-68	31	1425049841	4
334	333	15	-65	31	1425049841	0
334	333	15	-64	31	1425049841	1
334	333	15	-65	31	1425049841	2
334	333	15	-65	31	1425049841	3
334	333	15	-64	31	1425049841	4
357	333	15	-59	31	1425049841	0
357	333	15	-59	31	1425049841	1
357	333	15	-59	31	1425049841	2
357	333	15	-59	31	1425049841	3
357	333	15	-59	31	1425049841	4
367	333	15	-60	31	1425049841	0
367	333	15	-60	31	1425049841	1
367	333	15	-60	31	1425049841	2
367	333	15	-60	31	1425049841	3
367	333	15	-60	31	1425049841	4
363	333	15	-60	31	1425049841	0
363	333	15	-59	31	1425049841	1
363	333	15	-61	31	1425049841	2
363	333	15	-60	31	1425049841	3
363	333	15	-60	31	1425049841	4
368	333	15	-59	31	1425049841	0
368	333	15	-59	31	1425049841	1
368	333	15	-59	31	1425049841	2
368	333	15	-59	31	1425049841	3
368	333	15	-59	31	1425049841	4
100	363	15	-79	31	1425049844	0
100	363	15	-78	31	1425049844	1
100	363	15	-78	31	1425049844	2
100	363	15	-79	31	1425049844	3
100	363	15	-79	31	1425049844	4
334	363	15	-56	31	1425049844	0
334	363	15	-56	31	1425049844	1
334	363	15	-56	31	1425049844	2
334	363	15	-56	31	1425049844	3
334	363	15	-57	31	1425049844	4
357	363	15	-64	31	1425049844	0
357	363	15	-64	31	1425049844	1
357	363	15	-64	31	1425049844	2
357	363	15	-64	31	1425049844	3
357	363	15	-64	31	1425049844	4
367	363	15	-69	31	1425049844	0
367	363	15	-69	31	1425049844	1
367	363	15	-69	31	1425049844	2
367	363	15	-69	31	1425049844	3
367	363	15	-69	31	1425049844	4
333	363	15	-62	31	1425049844	0
333	363	15	-61	31	1425049844	1
333	363	15	-62	31	1425049844	2
333	363	15	-61	31	1425049844	3
333	363	15	-62	31	1425049844	4
368	363	15	-76	31	1425049844	0
368	363	15	-76	31	1425049844	1
368	363	15	-76	31	1425049844	2
368	363	15	-76	31	1425049844	3
100	368	15	-75	31	1425049845	0
100	368	15	-75	31	1425049845	1
100	368	15	-75	31	1425049845	2
100	368	15	-74	31	1425049845	3
100	368	15	-75	31	1425049845	4
334	368	15	-71	31	1425049845	0
334	368	15	-71	31	1425049845	1
334	368	15	-71	31	1425049845	2
334	368	15	-71	31	1425049845	3
334	368	15	-70	31	1425049845	4
357	368	15	-62	31	1425049845	0
357	368	15	-62	31	1425049845	1
357	368	15	-62	31	1425049845	2
357	368	15	-62	31	1425049845	3
357	368	15	-62	31	1425049845	4
367	368	15	-54	31	1425049845	0
367	368	15	-54	31	1425049845	1
367	368	15	-54	31	1425049845	2
367	368	15	-55	31	1425049845	3
367	368	15	-54	31	1425049845	4
333	368	15	-60	31	1425049845	0
333	368	15	-60	31	1425049845	1
333	368	15	-60	31	1425049845	2
333	368	15	-60	31	1425049845	3
333	368	15	-60	31	1425049845	4
363	368	15	-76	31	1425049845	0
363	368	15	-78	31	1425049845	1
363	368	15	-77	31	1425049845	2
363	368	15	-76	31	1425049845	3
363	368	15	-76	31	1425049845	4
334	100	16	-66	31	1425049846	0
334	100	16	-66	31	1425049846	1
334	100	16	-66	31	1425049846	2
334	100	16	-66	31	1425049846	3
334	100	16	-66	31	1425049846	4
357	100	16	-62	31	1425049846	0
357	100	16	-62	31	1425049846	1
357	100	16	-62	31	1425049846	2
357	100	16	-63	31	1425049846	3
357	100	16	-63	31	1425049846	4
367	100	16	-59	31	1425049846	0
367	100	16	-59	31	1425049846	1
367	100	16	-59	31	1425049846	2
367	100	16	-59	31	1425049846	3
367	100	16	-59	31	1425049846	4
333	100	16	-62	31	1425049846	0
333	100	16	-62	31	1425049846	1
333	100	16	-62	31	1425049846	2
333	100	16	-62	31	1425049846	3
333	100	16	-62	31	1425049846	4
363	100	16	-82	31	1425049846	0
363	100	16	-82	31	1425049846	1
363	100	16	-82	31	1425049846	2
363	100	16	-82	31	1425049846	3
363	100	16	-82	31	1425049846	4
368	100	16	-74	31	1425049846	0
368	100	16	-74	31	1425049846	1
368	100	16	-74	31	1425049846	2
368	100	16	-74	31	1425049846	3
368	100	16	-74	31	1425049846	4
100	334	16	-68	31	1425049847	0
100	334	16	-68	31	1425049847	1
100	334	16	-68	31	1425049847	2
100	334	16	-68	31	1425049847	3
100	334	16	-68	31	1425049847	4
357	334	16	-54	31	1425049847	0
357	334	16	-54	31	1425049847	1
357	334	16	-54	31	1425049847	2
357	334	16	-54	31	1425049847	3
357	334	16	-54	31	1425049847	4
367	334	16	-62	31	1425049847	0
367	334	16	-63	31	1425049847	1
367	334	16	-62	31	1425049847	2
367	334	16	-63	31	1425049847	3
367	334	16	-63	31	1425049847	4
333	334	16	-62	31	1425049847	0
333	334	16	-61	31	1425049847	1
333	334	16	-61	31	1425049847	2
333	334	16	-61	31	1425049847	3
333	334	16	-61	31	1425049847	4
363	334	16	-58	31	1425049847	0
363	334	16	-58	31	1425049847	1
363	334	16	-58	31	1425049847	2
363	334	16	-58	31	1425049847	3
363	334	16	-58	31	1425049847	4
368	334	16	-72	31	1425049847	0
368	334	16	-73	31	1425049847	1
368	334	16	-72	31	1425049847	2
368	334	16	-73	31	1425049847	3
368	334	16	-73	31	1425049847	4
100	357	16	-67	31	1425049848	0
100	357	16	-66	31	1425049848	1
100	357	16	-66	31	1425049848	2
100	357	16	-66	31	1425049848	3
100	357	16	-66	31	1425049848	4
334	357	16	-54	31	1425049848	0
334	357	16	-54	31	1425049848	1
334	357	16	-54	31	1425049848	2
334	357	16	-62	31	1425049848	3
334	357	16	-54	31	1425049848	4
367	357	16	-62	31	1425049848	0
367	357	16	-62	31	1425049848	1
367	357	16	-63	31	1425049848	2
367	357	16	-62	31	1425049848	3
367	357	16	-63	31	1425049848	4
333	357	16	-59	31	1425049848	0
333	357	16	-59	31	1425049848	1
333	357	16	-59	31	1425049848	2
333	357	16	-59	31	1425049848	3
333	357	16	-59	31	1425049848	4
363	357	16	-63	31	1425049848	0
363	357	16	-63	31	1425049848	1
363	357	16	-63	31	1425049848	2
363	357	16	-63	31	1425049848	3
363	357	16	-63	31	1425049848	4
368	357	16	-61	31	1425049848	0
368	357	16	-61	31	1425049848	1
368	357	16	-61	31	1425049848	2
368	357	16	-61	31	1425049848	3
368	357	16	-61	31	1425049848	4
100	367	16	-63	31	1425049849	0
100	367	16	-63	31	1425049849	1
100	367	16	-63	31	1425049849	2
100	367	16	-63	31	1425049849	3
100	367	16	-63	31	1425049849	4
334	367	16	-64	31	1425049849	0
334	367	16	-64	31	1425049849	1
334	367	16	-64	31	1425049849	2
334	367	16	-64	31	1425049849	3
334	367	16	-64	31	1425049849	4
357	367	16	-63	31	1425049849	0
357	367	16	-63	31	1425049849	1
357	367	16	-62	31	1425049849	2
357	367	16	-64	31	1425049849	3
357	367	16	-64	31	1425049849	4
333	367	16	-58	31	1425049849	0
333	367	16	-58	31	1425049849	1
333	367	16	-56	31	1425049849	2
333	367	16	-58	31	1425049849	3
333	367	16	-56	31	1425049849	4
363	367	16	-78	31	1425049849	0
363	367	16	-77	31	1425049849	1
363	367	16	-77	31	1425049849	2
363	367	16	-77	31	1425049849	3
363	367	16	-76	31	1425049849	4
368	367	16	-58	31	1425049849	0
368	367	16	-59	31	1425049849	1
368	367	16	-59	31	1425049849	2
368	367	16	-59	31	1425049849	3
368	367	16	-58	31	1425049849	4
100	333	16	-65	31	1425049850	0
100	333	16	-65	31	1425049850	1
100	333	16	-65	31	1425049850	2
100	333	16	-65	31	1425049850	3
100	333	16	-65	31	1425049850	4
334	333	16	-62	31	1425049850	0
334	333	16	-62	31	1425049850	1
334	333	16	-62	31	1425049850	2
334	333	16	-62	31	1425049850	3
334	333	16	-62	31	1425049850	4
357	333	16	-54	31	1425049850	0
357	333	16	-54	31	1425049850	1
357	333	16	-54	31	1425049850	2
357	333	16	-54	31	1425049850	3
357	333	16	-54	31	1425049850	4
367	333	16	-56	31	1425049850	0
367	333	16	-56	31	1425049850	1
367	333	16	-58	31	1425049850	2
367	333	16	-58	31	1425049850	3
367	333	16	-58	31	1425049850	4
363	333	16	-61	31	1425049850	0
363	333	16	-61	31	1425049850	1
363	333	16	-61	31	1425049850	2
363	333	16	-61	31	1425049850	3
363	333	16	-60	31	1425049850	4
368	333	16	-58	31	1425049850	0
368	333	16	-58	31	1425049850	1
368	333	16	-58	31	1425049850	2
368	333	16	-56	31	1425049850	3
368	333	16	-56	31	1425049850	4
100	363	16	-87	31	1425049852	0
100	363	16	-87	31	1425049852	1
100	363	16	-87	31	1425049852	2
100	363	16	-87	31	1425049852	3
100	363	16	-87	31	1425049852	4
334	363	16	-58	31	1425049852	0
334	363	16	-59	31	1425049852	1
334	363	16	-59	31	1425049852	2
334	363	16	-59	31	1425049852	3
334	363	16	-58	31	1425049852	4
357	363	16	-64	31	1425049852	0
357	363	16	-64	31	1425049852	1
357	363	16	-64	31	1425049852	2
357	363	16	-64	31	1425049852	3
357	363	16	-64	31	1425049852	4
367	363	16	-78	31	1425049852	0
367	363	16	-78	31	1425049852	1
367	363	16	-78	31	1425049852	2
367	363	16	-77	31	1425049852	3
367	363	16	-78	31	1425049852	4
333	363	16	-62	31	1425049852	0
333	363	16	-62	31	1425049852	1
333	363	16	-62	31	1425049852	2
333	363	16	-62	31	1425049852	3
333	363	16	-62	31	1425049852	4
368	363	16	-88	31	1425049852	0
368	363	16	-88	31	1425049852	1
368	363	16	-88	31	1425049852	2
368	363	16	-89	31	1425049852	3
368	363	16	-88	31	1425049852	4
100	368	16	-77	31	1425049856	0
100	368	16	-77	31	1425049856	1
100	368	16	-78	31	1425049856	2
100	368	16	-78	31	1425049856	3
100	368	16	-78	31	1425049856	4
334	368	16	-74	31	1425049856	0
334	368	16	-75	31	1425049856	1
334	368	16	-74	31	1425049856	2
334	368	16	-74	31	1425049856	3
334	368	16	-75	31	1425049856	4
357	368	16	-62	31	1425049856	0
357	368	16	-62	31	1425049856	1
357	368	16	-62	31	1425049856	3
357	368	16	-63	31	1425049856	4
367	368	16	-61	31	1425049856	0
367	368	16	-54	31	1425049856	1
367	368	16	-60	31	1425049856	2
367	368	16	-60	31	1425049856	3
367	368	16	-60	31	1425049856	4
333	368	16	-60	31	1425049856	0
333	368	16	-59	31	1425049856	1
333	368	16	-59	31	1425049856	2
333	368	16	-60	31	1425049856	3
333	368	16	-57	31	1425049856	4
363	368	16	-89	31	1425049856	0
363	368	16	-89	31	1425049856	1
363	368	16	-89	31	1425049856	2
363	368	16	-89	31	1425049856	4
334	100	17	-66	31	1425049859	0
334	100	17	-66	31	1425049859	2
334	100	17	-66	31	1425049859	3
334	100	17	-66	31	1425049859	4
357	100	17	-64	31	1425049859	0
357	100	17	-64	31	1425049859	1
357	100	17	-64	31	1425049859	2
357	100	17	-64	31	1425049859	3
357	100	17	-64	31	1425049859	4
367	100	17	-60	31	1425049859	0
367	100	17	-60	31	1425049859	1
367	100	17	-60	31	1425049859	2
367	100	17	-60	31	1425049859	3
367	100	17	-60	31	1425049859	4
333	100	17	-60	31	1425049859	1
333	100	17	-60	31	1425049859	2
333	100	17	-60	31	1425049859	3
333	100	17	-60	31	1425049859	4
363	100	17	-81	31	1425049859	0
363	100	17	-80	31	1425049859	1
363	100	17	-81	31	1425049859	2
363	100	17	-81	31	1425049859	3
363	100	17	-81	31	1425049859	4
368	100	17	-78	31	1425049859	0
368	100	17	-78	31	1425049859	1
368	100	17	-78	31	1425049859	2
368	100	17	-78	31	1425049859	3
368	100	17	-79	31	1425049859	4
100	334	17	-69	31	1425049863	0
100	334	17	-68	31	1425049863	1
100	334	17	-69	31	1425049863	2
100	334	17	-69	31	1425049863	3
100	334	17	-69	31	1425049863	4
357	334	17	-58	31	1425049863	0
357	334	17	-58	31	1425049863	1
357	334	17	-58	31	1425049863	2
357	334	17	-58	31	1425049863	3
357	334	17	-58	31	1425049863	4
367	334	17	-64	31	1425049863	0
367	334	17	-64	31	1425049863	1
367	334	17	-64	31	1425049863	2
367	334	17	-64	31	1425049863	3
367	334	17	-64	31	1425049863	4
333	334	17	-58	31	1425049863	1
333	334	17	-58	31	1425049863	2
333	334	17	-58	31	1425049863	3
333	334	17	-58	31	1425049863	4
363	334	17	-59	31	1425049863	0
363	334	17	-59	31	1425049863	1
363	334	17	-59	31	1425049863	2
363	334	17	-58	31	1425049863	3
363	334	17	-58	31	1425049863	4
368	334	17	-70	31	1425049863	0
368	334	17	-70	31	1425049863	1
368	334	17	-70	31	1425049863	2
368	334	17	-70	31	1425049863	3
368	334	17	-70	31	1425049863	4
100	357	17	-66	31	1425049867	0
100	357	17	-66	31	1425049867	1
100	357	17	-66	31	1425049867	2
100	357	17	-66	31	1425049867	3
100	357	17	-66	31	1425049867	4
334	357	17	-56	31	1425049867	0
334	357	17	-56	31	1425049867	2
334	357	17	-56	31	1425049867	3
334	357	17	-56	31	1425049867	4
367	357	17	-60	31	1425049867	0
367	357	17	-60	31	1425049867	1
367	357	17	-60	31	1425049867	2
367	357	17	-60	31	1425049867	3
367	357	17	-60	31	1425049867	4
333	357	17	-62	31	1425049867	1
333	357	17	-62	31	1425049867	2
333	357	17	-61	31	1425049867	3
333	357	17	-62	31	1425049867	4
363	357	17	-61	31	1425049867	0
363	357	17	-61	31	1425049867	1
363	357	17	-61	31	1425049867	2
363	357	17	-61	31	1425049867	3
363	357	17	-60	31	1425049867	4
368	357	17	-62	31	1425049867	0
368	357	17	-62	31	1425049867	1
368	357	17	-62	31	1425049867	2
368	357	17	-62	31	1425049867	3
368	357	17	-62	31	1425049867	4
100	367	17	-64	31	1425049870	0
100	367	17	-64	31	1425049870	1
100	367	17	-64	31	1425049870	2
100	367	17	-64	31	1425049870	3
100	367	17	-64	31	1425049870	4
334	367	17	-66	31	1425049870	0
334	367	17	-66	31	1425049870	2
334	367	17	-66	31	1425049870	3
334	367	17	-66	31	1425049870	4
357	367	17	-61	31	1425049870	0
357	367	17	-61	31	1425049870	1
357	367	17	-61	31	1425049870	2
357	367	17	-61	31	1425049871	3
357	367	17	-62	31	1425049871	4
333	367	17	-55	31	1425049871	1
333	367	17	-55	31	1425049871	2
333	367	17	-55	31	1425049871	3
333	367	17	-55	31	1425049871	4
363	367	17	-67	31	1425049871	0
363	367	17	-66	31	1425049871	1
363	367	17	-67	31	1425049871	2
363	367	17	-67	31	1425049871	3
363	367	17	-66	31	1425049871	4
368	367	17	-58	31	1425049871	0
368	367	17	-58	31	1425049871	1
368	367	17	-58	31	1425049871	2
368	367	17	-58	31	1425049871	3
368	367	17	-58	31	1425049871	4
100	333	17	-64	31	1425049874	0
100	333	17	-64	31	1425049874	1
100	333	17	-64	31	1425049874	2
100	333	17	-64	31	1425049874	3
100	333	17	-64	31	1425049874	4
334	333	17	-58	31	1425049874	0
334	333	17	-58	31	1425049874	2
334	333	17	-58	31	1425049874	3
334	333	17	-58	31	1425049874	4
357	333	17	-62	31	1425049874	0
357	333	17	-64	31	1425049874	1
357	333	17	-62	31	1425049874	2
357	333	17	-62	31	1425049874	3
357	333	17	-64	31	1425049874	4
367	333	17	-54	31	1425049874	0
367	333	17	-54	31	1425049874	1
367	333	17	-54	31	1425049874	2
367	333	17	-54	31	1425049874	3
367	333	17	-54	31	1425049874	4
363	333	17	-64	31	1425049874	0
363	333	17	-64	31	1425049874	1
363	333	17	-64	31	1425049874	2
363	333	17	-64	31	1425049874	3
363	333	17	-64	31	1425049874	4
368	333	17	-55	31	1425049874	0
368	333	17	-55	31	1425049874	1
368	333	17	-54	31	1425049874	2
368	333	17	-54	31	1425049874	3
368	333	17	-54	31	1425049874	4
100	363	17	-88	31	1425049878	0
100	363	17	-88	31	1425049878	1
100	363	17	-88	31	1425049878	2
100	363	17	-87	31	1425049878	3
100	363	17	-89	31	1425049878	4
334	363	17	-54	31	1425049878	0
334	363	17	-54	31	1425049878	2
334	363	17	-54	31	1425049878	3
334	363	17	-54	31	1425049878	4
357	363	17	-62	31	1425049878	0
357	363	17	-62	31	1425049878	1
357	363	17	-62	31	1425049878	2
357	363	17	-62	31	1425049878	3
357	363	17	-62	31	1425049878	4
367	363	17	-67	31	1425049878	0
367	363	17	-67	31	1425049878	1
367	363	17	-67	31	1425049878	2
367	363	17	-67	31	1425049878	3
367	363	17	-67	31	1425049878	4
333	363	17	-64	31	1425049878	0
333	363	17	-64	31	1425049878	1
333	363	17	-64	31	1425049878	2
333	363	17	-64	31	1425049878	3
333	363	17	-64	31	1425049878	4
368	363	17	-92	31	1425049878	0
368	363	17	-91	31	1425049878	1
368	363	17	-91	31	1425049878	2
368	363	17	-91	31	1425049878	3
368	363	17	-91	31	1425049878	4
100	368	17	-86	31	1425049884	0
100	368	17	-86	31	1425049884	1
100	368	17	-86	31	1425049884	2
100	368	17	-86	31	1425049884	4
334	368	17	-72	31	1425049884	0
334	368	17	-71	31	1425049884	2
334	368	17	-72	31	1425049884	3
334	368	17	-72	31	1425049884	4
357	368	17	-64	31	1425049884	0
357	368	17	-64	31	1425049884	1
357	368	17	-64	31	1425049884	2
357	368	17	-64	31	1425049884	3
357	368	17	-64	31	1425049884	4
367	368	17	-58	31	1425049884	0
367	368	17	-58	31	1425049884	1
367	368	17	-58	31	1425049884	2
367	368	17	-58	31	1425049884	3
367	368	17	-58	31	1425049884	4
333	368	17	-58	31	1425049884	1
333	368	17	-56	31	1425049884	2
333	368	17	-56	31	1425049884	3
333	368	17	-58	31	1425049884	4
363	368	17	-91	31	1425049884	2
363	368	17	-91	31	1425049884	4
334	100	18	-68	31	1425049886	0
334	100	18	-68	31	1425049886	1
334	100	18	-68	31	1425049886	2
334	100	18	-68	31	1425049886	3
334	100	18	-68	31	1425049886	4
357	100	18	-66	31	1425049886	0
357	100	18	-66	31	1425049886	1
357	100	18	-66	31	1425049886	2
357	100	18	-66	31	1425049886	3
357	100	18	-66	31	1425049886	4
367	100	18	-58	31	1425049886	0
367	100	18	-58	31	1425049886	1
367	100	18	-56	31	1425049886	2
367	100	18	-56	31	1425049886	4
333	100	18	-60	31	1425049886	0
333	100	18	-60	31	1425049886	2
333	100	18	-60	31	1425049886	3
333	100	18	-60	31	1425049886	4
363	100	18	-76	31	1425049886	0
363	100	18	-76	31	1425049886	1
363	100	18	-76	31	1425049886	2
363	100	18	-76	31	1425049886	3
363	100	18	-76	31	1425049886	4
368	100	18	-78	31	1425049886	0
368	100	18	-78	31	1425049886	1
368	100	18	-77	31	1425049886	2
368	100	18	-77	31	1425049886	3
368	100	18	-77	31	1425049886	4
100	334	18	-70	31	1425049890	0
100	334	18	-72	31	1425049890	1
100	334	18	-72	31	1425049890	2
100	334	18	-72	31	1425049890	3
100	334	18	-72	31	1425049890	4
357	334	18	-60	31	1425049890	0
357	334	18	-60	31	1425049890	1
357	334	18	-60	31	1425049890	2
357	334	18	-60	31	1425049890	3
357	334	18	-60	31	1425049890	4
367	334	18	-67	31	1425049890	0
367	334	18	-67	31	1425049890	1
367	334	18	-67	31	1425049890	2
367	334	18	-66	31	1425049890	4
333	334	18	-55	31	1425049890	0
333	334	18	-54	31	1425049890	2
333	334	18	-55	31	1425049890	3
333	334	18	-54	31	1425049890	4
363	334	18	-55	31	1425049890	0
363	334	18	-58	31	1425049890	1
363	334	18	-58	31	1425049890	2
363	334	18	-58	31	1425049890	3
363	334	18	-58	31	1425049890	4
368	334	18	-69	31	1425049890	0
368	334	18	-69	31	1425049890	1
368	334	18	-68	31	1425049890	2
368	334	18	-69	31	1425049890	3
368	334	18	-68	31	1425049890	4
100	357	18	-70	31	1425049893	0
100	357	18	-69	31	1425049893	1
100	357	18	-70	31	1425049893	2
100	357	18	-70	31	1425049893	3
100	357	18	-70	31	1425049893	4
334	357	18	-60	31	1425049893	0
334	357	18	-60	31	1425049893	1
334	357	18	-60	31	1425049893	2
334	357	18	-60	31	1425049893	3
334	357	18	-61	31	1425049893	4
367	357	18	-59	31	1425049893	0
367	357	18	-59	31	1425049893	1
367	357	18	-59	31	1425049893	2
367	357	18	-59	31	1425049893	4
333	357	18	-62	31	1425049893	0
333	357	18	-62	31	1425049893	2
333	357	18	-62	31	1425049893	3
333	357	18	-62	31	1425049893	4
363	357	18	-54	31	1425049893	0
363	357	18	-61	31	1425049893	1
363	357	18	-54	31	1425049893	2
363	357	18	-54	31	1425049893	3
363	357	18	-54	31	1425049893	4
368	357	18	-68	31	1425049893	0
368	357	18	-68	31	1425049893	1
368	357	18	-68	31	1425049893	2
368	357	18	-68	31	1425049893	3
368	357	18	-68	31	1425049893	4
100	367	18	-62	31	1425049897	0
100	367	18	-62	31	1425049897	1
100	367	18	-62	31	1425049897	2
100	367	18	-62	31	1425049897	3
100	367	18	-62	31	1425049897	4
334	367	18	-69	31	1425049897	0
334	367	18	-69	31	1425049897	1
334	367	18	-69	31	1425049897	2
334	367	18	-69	31	1425049897	3
334	367	18	-69	31	1425049897	4
357	367	18	-60	31	1425049897	0
357	367	18	-60	31	1425049897	1
357	367	18	-60	31	1425049897	2
357	367	18	-60	31	1425049897	3
357	367	18	-60	31	1425049897	4
333	367	18	-60	31	1425049897	0
333	367	18	-60	31	1425049897	2
333	367	18	-60	31	1425049897	3
333	367	18	-60	31	1425049897	4
363	367	18	-64	31	1425049897	0
363	367	18	-64	31	1425049897	1
363	367	18	-64	31	1425049897	2
363	367	18	-64	31	1425049897	3
363	367	18	-65	31	1425049897	4
368	367	18	-56	31	1425049897	0
368	367	18	-56	31	1425049897	1
368	367	18	-57	31	1425049897	2
368	367	18	-56	31	1425049897	3
368	367	18	-56	31	1425049897	4
100	333	18	-63	31	1425049901	0
100	333	18	-64	31	1425049901	1
100	333	18	-64	31	1425049901	2
100	333	18	-64	31	1425049901	3
100	333	18	-64	31	1425049901	4
334	333	18	-56	31	1425049901	0
334	333	18	-55	31	1425049901	1
334	333	18	-56	31	1425049901	2
334	333	18	-56	31	1425049901	3
334	333	18	-56	31	1425049901	4
357	333	18	-62	31	1425049901	0
357	333	18	-63	31	1425049901	1
357	333	18	-63	31	1425049901	2
357	333	18	-63	31	1425049901	3
357	333	18	-63	31	1425049901	4
367	333	18	-60	31	1425049901	0
367	333	18	-58	31	1425049901	1
367	333	18	-61	31	1425049901	2
367	333	18	-60	31	1425049901	4
363	333	18	-63	31	1425049901	0
363	333	18	-63	31	1425049901	1
363	333	18	-62	31	1425049901	2
363	333	18	-62	31	1425049901	3
363	333	18	-62	31	1425049901	4
368	333	18	-56	31	1425049901	0
368	333	18	-55	31	1425049901	1
368	333	18	-56	31	1425049901	2
368	333	18	-56	31	1425049901	3
368	333	18	-56	31	1425049901	4
100	363	18	-80	31	1425049904	0
100	363	18	-80	31	1425049904	1
100	363	18	-80	31	1425049904	2
100	363	18	-80	31	1425049904	3
100	363	18	-80	31	1425049905	4
334	363	18	-60	31	1425049905	0
334	363	18	-60	31	1425049905	1
334	363	18	-59	31	1425049905	2
334	363	18	-60	31	1425049905	3
334	363	18	-59	31	1425049905	4
357	363	18	-59	31	1425049905	0
357	363	18	-59	31	1425049905	1
357	363	18	-59	31	1425049905	2
357	363	18	-59	31	1425049905	3
357	363	18	-59	31	1425049905	4
367	363	18	-65	31	1425049905	0
367	363	18	-64	31	1425049905	1
367	363	18	-64	31	1425049905	2
367	363	18	-64	31	1425049905	4
333	363	18	-62	31	1425049905	0
333	363	18	-62	31	1425049905	2
333	363	18	-62	31	1425049905	3
333	363	18	-62	31	1425049905	4
368	363	18	-78	31	1425049905	0
368	363	18	-78	31	1425049905	1
368	363	18	-78	31	1425049905	2
368	363	18	-78	31	1425049905	3
368	363	18	-78	31	1425049905	4
100	368	18	-83	31	1425049908	0
100	368	18	-83	31	1425049908	1
100	368	18	-84	31	1425049908	2
100	368	18	-84	31	1425049908	3
100	368	18	-84	31	1425049908	4
334	368	18	-70	31	1425049908	0
334	368	18	-70	31	1425049908	1
334	368	18	-70	31	1425049908	2
334	368	18	-70	31	1425049908	3
334	368	18	-70	31	1425049908	4
357	368	18	-70	31	1425049908	0
357	368	18	-70	31	1425049908	1
357	368	18	-70	31	1425049908	2
357	368	18	-70	31	1425049908	3
357	368	18	-70	31	1425049908	4
367	368	18	-58	31	1425049908	0
367	368	18	-58	31	1425049908	1
367	368	18	-58	31	1425049908	2
367	368	18	-58	31	1425049908	4
333	368	18	-59	31	1425049908	0
333	368	18	-59	31	1425049908	2
333	368	18	-59	31	1425049908	3
333	368	18	-59	31	1425049908	4
363	368	18	-78	31	1425049908	0
363	368	18	-78	31	1425049908	1
363	368	18	-78	31	1425049908	2
363	368	18	-78	31	1425049908	3
363	368	18	-79	31	1425049908	4
334	100	19	-79	31	1425049910	0
334	100	19	-78	31	1425049910	1
334	100	19	-78	31	1425049910	2
334	100	19	-78	31	1425049910	3
334	100	19	-79	31	1425049910	4
357	100	19	-68	31	1425049910	0
357	100	19	-68	31	1425049910	1
357	100	19	-68	31	1425049910	2
357	100	19	-68	31	1425049910	3
357	100	19	-68	31	1425049910	4
367	100	19	-54	31	1425049910	0
367	100	19	-56	31	1425049910	1
367	100	19	-54	31	1425049910	2
367	100	19	-56	31	1425049910	3
367	100	19	-56	31	1425049910	4
333	100	19	-57	31	1425049910	0
333	100	19	-60	31	1425049910	1
333	100	19	-60	31	1425049910	2
333	100	19	-60	31	1425049910	3
333	100	19	-60	31	1425049910	4
363	100	19	-75	31	1425049910	0
363	100	19	-75	31	1425049910	1
363	100	19	-75	31	1425049910	2
363	100	19	-75	31	1425049910	4
368	100	19	-66	31	1425049910	0
368	100	19	-66	31	1425049910	1
368	100	19	-66	31	1425049910	2
368	100	19	-66	31	1425049910	3
368	100	19	-66	31	1425049910	4
100	334	19	-83	31	1425049913	0
100	334	19	-83	31	1425049913	1
100	334	19	-83	31	1425049913	2
100	334	19	-83	31	1425049913	3
100	334	19	-82	31	1425049913	4
357	334	19	-64	31	1425049913	0
357	334	19	-64	31	1425049913	1
357	334	19	-64	31	1425049913	2
357	334	19	-64	31	1425049913	3
357	334	19	-64	31	1425049913	4
367	334	19	-63	31	1425049913	0
367	334	19	-63	31	1425049913	1
367	334	19	-63	31	1425049913	2
367	334	19	-64	31	1425049913	3
367	334	19	-63	31	1425049913	4
333	334	19	-54	31	1425049913	1
333	334	19	-54	31	1425049913	2
333	334	19	-54	31	1425049913	3
333	334	19	-54	31	1425049913	4
363	334	19	-62	31	1425049913	0
363	334	19	-62	31	1425049913	1
363	334	19	-62	31	1425049913	2
363	334	19	-62	31	1425049913	3
363	334	19	-62	31	1425049913	4
368	334	19	-76	31	1425049913	0
368	334	19	-76	31	1425049913	1
368	334	19	-76	31	1425049913	2
368	334	19	-76	31	1425049913	3
368	334	19	-76	31	1425049913	4
100	357	19	-72	31	1425049914	0
100	357	19	-72	31	1425049914	1
100	357	19	-72	31	1425049914	2
100	357	19	-72	31	1425049914	3
100	357	19	-72	31	1425049914	4
334	357	19	-64	31	1425049914	0
334	357	19	-64	31	1425049914	1
334	357	19	-64	31	1425049914	2
334	357	19	-64	31	1425049914	3
334	357	19	-64	31	1425049914	4
367	357	19	-58	31	1425049914	0
367	357	19	-58	31	1425049914	1
367	357	19	-58	31	1425049914	2
367	357	19	-56	31	1425049914	3
367	357	19	-58	31	1425049914	4
333	357	19	-55	31	1425049914	0
333	357	19	-58	31	1425049914	1
333	357	19	-58	31	1425049914	2
333	357	19	-58	31	1425049914	3
333	357	19	-58	31	1425049914	4
363	357	19	-54	31	1425049914	0
363	357	19	-55	31	1425049914	1
363	357	19	-55	31	1425049914	2
363	357	19	-55	31	1425049914	3
363	357	19	-55	31	1425049914	4
368	357	19	-87	31	1425049914	0
368	357	19	-87	31	1425049914	1
368	357	19	-87	31	1425049914	2
368	357	19	-88	31	1425049914	3
368	357	19	-87	31	1425049914	4
100	367	19	-61	31	1425049917	0
100	367	19	-62	31	1425049917	1
100	367	19	-61	31	1425049917	2
100	367	19	-62	31	1425049917	3
100	367	19	-61	31	1425049917	4
334	367	19	-65	31	1425049917	0
334	367	19	-64	31	1425049917	1
334	367	19	-64	31	1425049917	2
334	367	19	-64	31	1425049917	3
334	367	19	-65	31	1425049917	4
357	367	19	-60	31	1425049917	0
357	367	19	-60	31	1425049917	1
357	367	19	-60	31	1425049917	2
357	367	19	-60	31	1425049917	3
357	367	19	-60	31	1425049917	4
333	367	19	-68	31	1425049917	2
333	367	19	-68	31	1425049917	3
333	367	19	-68	31	1425049917	4
363	367	19	-63	31	1425049917	0
363	367	19	-63	31	1425049917	1
363	367	19	-63	31	1425049917	2
363	367	19	-63	31	1425049917	3
363	367	19	-63	31	1425049917	4
368	367	19	-59	31	1425049917	0
368	367	19	-59	31	1425049917	1
368	367	19	-59	31	1425049917	2
368	367	19	-59	31	1425049917	3
368	367	19	-59	31	1425049917	4
100	333	19	-63	31	1425049918	0
100	333	19	-64	31	1425049918	1
100	333	19	-64	31	1425049918	2
100	333	19	-64	31	1425049918	3
100	333	19	-64	31	1425049918	4
334	333	19	-55	31	1425049918	0
334	333	19	-55	31	1425049918	1
334	333	19	-55	31	1425049918	2
334	333	19	-54	31	1425049918	3
334	333	19	-54	31	1425049918	4
357	333	19	-60	31	1425049918	0
357	333	19	-58	31	1425049918	1
357	333	19	-58	31	1425049918	2
357	333	19	-60	31	1425049918	3
357	333	19	-59	31	1425049918	4
367	333	19	-68	31	1425049918	0
367	333	19	-68	31	1425049918	1
367	333	19	-69	31	1425049918	2
367	333	19	-68	31	1425049918	3
367	333	19	-68	31	1425049918	4
363	333	19	-60	31	1425049918	0
363	333	19	-60	31	1425049918	1
363	333	19	-60	31	1425049918	2
363	333	19	-61	31	1425049918	3
363	333	19	-61	31	1425049918	4
368	333	19	-62	31	1425049918	0
368	333	19	-62	31	1425049918	1
368	333	19	-62	31	1425049918	2
368	333	19	-62	31	1425049918	3
368	333	19	-62	31	1425049918	4
100	363	19	-78	31	1425049921	0
100	363	19	-78	31	1425049922	1
100	363	19	-78	31	1425049922	2
100	363	19	-78	31	1425049922	3
100	363	19	-78	31	1425049922	4
334	363	19	-64	31	1425049922	0
334	363	19	-64	31	1425049922	1
334	363	19	-63	31	1425049922	2
334	363	19	-63	31	1425049922	3
334	363	19	-64	31	1425049922	4
357	363	19	-60	31	1425049922	0
357	363	19	-59	31	1425049922	1
357	363	19	-60	31	1425049922	2
357	363	19	-59	31	1425049922	3
357	363	19	-60	31	1425049922	4
367	363	19	-64	31	1425049922	0
367	363	19	-64	31	1425049922	1
367	363	19	-64	31	1425049922	2
367	363	19	-64	31	1425049922	3
367	363	19	-64	31	1425049922	4
333	363	19	-61	31	1425049922	0
333	363	19	-62	31	1425049922	1
333	363	19	-62	31	1425049922	2
333	363	19	-62	31	1425049922	3
333	363	19	-62	31	1425049922	4
368	363	19	-74	31	1425049922	0
368	363	19	-74	31	1425049922	1
368	363	19	-74	31	1425049922	2
368	363	19	-74	31	1425049922	4
100	368	19	-75	31	1425049925	0
100	368	19	-75	31	1425049925	1
100	368	19	-75	31	1425049925	2
100	368	19	-75	31	1425049925	3
100	368	19	-75	31	1425049925	4
334	368	19	-76	31	1425049925	0
334	368	19	-77	31	1425049925	1
334	368	19	-77	31	1425049925	2
334	368	19	-77	31	1425049925	3
334	368	19	-77	31	1425049925	4
357	368	19	-89	31	1425049925	0
367	368	19	-54	31	1425049925	0
367	368	19	-60	31	1425049925	1
367	368	19	-54	31	1425049925	2
367	368	19	-54	31	1425049925	3
367	368	19	-54	31	1425049925	4
333	368	19	-62	31	1425049925	1
333	368	19	-63	31	1425049925	2
333	368	19	-62	31	1425049925	3
333	368	19	-62	31	1425049925	4
363	368	19	-74	31	1425049925	0
363	368	19	-74	31	1425049925	1
363	368	19	-74	31	1425049925	2
363	368	19	-72	31	1425049925	3
363	368	19	-74	31	1425049925	4
334	100	20	-70	31	1425049927	0
334	100	20	-70	31	1425049927	1
334	100	20	-70	31	1425049927	2
334	100	20	-70	31	1425049927	3
334	100	20	-70	31	1425049927	4
357	100	20	-76	31	1425049927	0
357	100	20	-76	31	1425049927	1
357	100	20	-76	31	1425049927	2
357	100	20	-76	31	1425049927	3
357	100	20	-76	31	1425049927	4
367	100	20	-58	31	1425049927	0
367	100	20	-58	31	1425049927	1
367	100	20	-58	31	1425049927	2
367	100	20	-58	31	1425049927	3
367	100	20	-58	31	1425049927	4
333	100	20	-60	31	1425049927	0
333	100	20	-60	31	1425049927	1
333	100	20	-60	31	1425049927	2
333	100	20	-60	31	1425049927	3
333	100	20	-60	31	1425049927	4
363	100	20	-83	31	1425049927	0
363	100	20	-83	31	1425049927	1
363	100	20	-84	31	1425049927	2
363	100	20	-83	31	1425049927	3
363	100	20	-83	31	1425049927	4
368	100	20	-62	31	1425049927	0
368	100	20	-62	31	1425049927	1
368	100	20	-62	31	1425049927	2
368	100	20	-62	31	1425049927	3
368	100	20	-62	31	1425049927	4
100	334	20	-73	31	1425049927	0
100	334	20	-73	31	1425049927	1
100	334	20	-73	31	1425049927	2
100	334	20	-73	31	1425049927	3
100	334	20	-73	31	1425049927	4
357	334	20	-76	31	1425049927	0
357	334	20	-76	31	1425049927	1
357	334	20	-76	31	1425049927	2
357	334	20	-76	31	1425049927	3
357	334	20	-76	31	1425049927	4
367	334	20	-61	31	1425049927	0
367	334	20	-62	31	1425049927	1
367	334	20	-61	31	1425049927	2
367	334	20	-62	31	1425049927	3
367	334	20	-61	31	1425049927	4
333	334	20	-58	31	1425049927	0
333	334	20	-60	31	1425049927	1
333	334	20	-60	31	1425049927	2
333	334	20	-58	31	1425049927	3
333	334	20	-60	31	1425049927	4
363	334	20	-72	31	1425049927	0
363	334	20	-72	31	1425049927	1
363	334	20	-73	31	1425049927	2
363	334	20	-72	31	1425049927	3
363	334	20	-72	31	1425049927	4
368	334	20	-81	31	1425049927	0
368	334	20	-82	31	1425049927	1
368	334	20	-82	31	1425049927	2
368	334	20	-81	31	1425049927	3
368	334	20	-82	31	1425049927	4
100	357	20	-78	31	1425049928	0
100	357	20	-78	31	1425049928	1
100	357	20	-78	31	1425049928	2
100	357	20	-78	31	1425049928	3
100	357	20	-78	31	1425049928	4
334	357	20	-75	31	1425049928	0
334	357	20	-75	31	1425049928	1
334	357	20	-76	31	1425049928	2
334	357	20	-75	31	1425049928	3
334	357	20	-75	31	1425049928	4
367	357	20	-58	31	1425049928	0
367	357	20	-58	31	1425049928	1
367	357	20	-58	31	1425049928	2
367	357	20	-58	31	1425049928	3
367	357	20	-58	31	1425049928	4
333	357	20	-56	31	1425049928	0
333	357	20	-57	31	1425049928	1
333	357	20	-55	31	1425049928	2
333	357	20	-56	31	1425049928	3
333	357	20	-56	31	1425049928	4
363	357	20	-56	31	1425049928	0
363	357	20	-56	31	1425049928	1
363	357	20	-56	31	1425049928	2
363	357	20	-56	31	1425049928	3
363	357	20	-56	31	1425049928	4
368	357	20	-76	31	1425049928	0
368	357	20	-78	31	1425049928	1
368	357	20	-78	31	1425049928	2
368	357	20	-78	31	1425049928	3
368	357	20	-76	31	1425049928	4
100	367	20	-60	31	1425049928	0
100	367	20	-60	31	1425049928	1
100	367	20	-60	31	1425049928	2
100	367	20	-60	31	1425049928	3
100	367	20	-60	31	1425049928	4
334	367	20	-62	31	1425049928	0
334	367	20	-62	31	1425049928	1
334	367	20	-62	31	1425049928	2
334	367	20	-62	31	1425049928	3
334	367	20	-62	31	1425049928	4
357	367	20	-60	31	1425049928	0
357	367	20	-60	31	1425049928	1
357	367	20	-60	31	1425049928	2
357	367	20	-60	31	1425049928	3
357	367	20	-60	31	1425049928	4
333	367	20	-82	31	1425049928	0
333	367	20	-82	31	1425049928	1
333	367	20	-82	31	1425049928	2
333	367	20	-82	31	1425049928	3
333	367	20	-82	31	1425049928	4
363	367	20	-65	31	1425049928	0
363	367	20	-64	31	1425049928	1
363	367	20	-65	31	1425049928	2
363	367	20	-65	31	1425049928	3
363	367	20	-64	31	1425049928	4
368	367	20	-59	31	1425049928	0
368	367	20	-59	31	1425049928	1
368	367	20	-59	31	1425049928	2
368	367	20	-59	31	1425049928	3
368	367	20	-59	31	1425049928	4
100	333	20	-64	31	1425049928	0
100	333	20	-64	31	1425049928	1
100	333	20	-64	31	1425049928	2
100	333	20	-64	31	1425049928	3
100	333	20	-65	31	1425049928	4
334	333	20	-54	31	1425049928	0
334	333	20	-61	31	1425049928	1
334	333	20	-54	31	1425049928	2
334	333	20	-54	31	1425049928	3
334	333	20	-59	31	1425049928	4
357	333	20	-57	31	1425049928	0
357	333	20	-58	31	1425049928	1
357	333	20	-57	31	1425049928	2
357	333	20	-57	31	1425049929	3
357	333	20	-58	31	1425049929	4
367	333	20	-82	31	1425049929	0
367	333	20	-82	31	1425049929	1
367	333	20	-82	31	1425049929	2
367	333	20	-82	31	1425049929	3
367	333	20	-82	31	1425049929	4
363	333	20	-62	31	1425049929	0
363	333	20	-62	31	1425049929	1
363	333	20	-62	31	1425049929	2
363	333	20	-62	31	1425049929	3
363	333	20	-62	31	1425049929	4
368	333	20	-67	31	1425049929	0
368	333	20	-66	31	1425049929	1
368	333	20	-66	31	1425049929	2
368	333	20	-67	31	1425049929	3
368	333	20	-67	31	1425049929	4
100	363	20	-89	31	1425049932	0
100	363	20	-89	31	1425049932	1
100	363	20	-88	31	1425049932	2
100	363	20	-89	31	1425049932	3
100	363	20	-89	31	1425049932	4
334	363	20	-73	31	1425049932	0
334	363	20	-73	31	1425049932	1
334	363	20	-73	31	1425049932	2
334	363	20	-73	31	1425049932	3
334	363	20	-73	31	1425049932	4
357	363	20	-60	31	1425049932	0
357	363	20	-60	31	1425049932	1
357	363	20	-60	31	1425049932	2
357	363	20	-60	31	1425049932	3
357	363	20	-60	31	1425049932	4
367	363	20	-66	31	1425049932	0
367	363	20	-65	31	1425049932	1
367	363	20	-66	31	1425049932	2
367	363	20	-65	31	1425049932	3
367	363	20	-66	31	1425049932	4
333	363	20	-62	31	1425049932	0
333	363	20	-62	31	1425049932	1
333	363	20	-62	31	1425049932	2
333	363	20	-62	31	1425049932	3
333	363	20	-62	31	1425049932	4
368	363	20	-73	31	1425049932	0
368	363	20	-73	31	1425049932	1
368	363	20	-73	31	1425049932	2
368	363	20	-73	31	1425049932	4
100	368	20	-66	31	1425049933	0
100	368	20	-66	31	1425049933	1
100	368	20	-66	31	1425049933	2
100	368	20	-66	31	1425049933	3
100	368	20	-66	31	1425049933	4
334	368	20	-84	31	1425049933	0
334	368	20	-83	31	1425049933	1
334	368	20	-84	31	1425049933	2
334	368	20	-84	31	1425049933	3
334	368	20	-84	31	1425049933	4
357	368	20	-79	31	1425049933	0
357	368	20	-79	31	1425049933	1
357	368	20	-79	31	1425049933	2
357	368	20	-78	31	1425049933	3
357	368	20	-78	31	1425049933	4
367	368	20	-60	31	1425049933	0
367	368	20	-60	31	1425049933	1
367	368	20	-60	31	1425049933	2
367	368	20	-60	31	1425049933	3
367	368	20	-59	31	1425049933	4
333	368	20	-67	31	1425049933	0
333	368	20	-67	31	1425049933	1
333	368	20	-67	31	1425049933	2
333	368	20	-67	31	1425049933	3
333	368	20	-67	31	1425049933	4
363	368	20	-74	31	1425049933	0
363	368	20	-73	31	1425049933	1
363	368	20	-71	31	1425049933	2
363	368	20	-73	31	1425049933	3
363	368	20	-73	31	1425049933	4
334	100	21	-66	31	1425049935	0
334	100	21	-65	31	1425049935	1
334	100	21	-66	31	1425049935	2
334	100	21	-66	31	1425049935	3
334	100	21	-65	31	1425049935	4
357	100	21	-78	31	1425049935	0
357	100	21	-78	31	1425049935	1
357	100	21	-78	31	1425049935	2
357	100	21	-78	31	1425049935	3
357	100	21	-78	31	1425049935	4
367	100	21	-54	31	1425049935	0
367	100	21	-54	31	1425049935	1
367	100	21	-54	31	1425049935	2
367	100	21	-54	31	1425049935	3
367	100	21	-54	31	1425049935	4
333	100	21	-63	31	1425049935	0
333	100	21	-63	31	1425049935	1
333	100	21	-63	31	1425049935	2
333	100	21	-62	31	1425049935	3
333	100	21	-62	31	1425049935	4
363	100	21	-79	31	1425049935	0
363	100	21	-79	31	1425049935	1
363	100	21	-79	31	1425049935	2
363	100	21	-80	31	1425049935	3
363	100	21	-79	31	1425049935	4
368	100	21	-63	31	1425049935	0
368	100	21	-63	31	1425049935	1
368	100	21	-63	31	1425049935	2
368	100	21	-63	31	1425049935	3
368	100	21	-63	31	1425049935	4
100	334	21	-69	31	1425049935	0
100	334	21	-69	31	1425049935	1
100	334	21	-69	31	1425049935	2
100	334	21	-69	31	1425049935	3
100	334	21	-70	31	1425049935	4
357	334	21	-67	31	1425049935	0
357	334	21	-66	31	1425049935	1
357	334	21	-67	31	1425049935	2
357	334	21	-67	31	1425049935	3
357	334	21	-66	31	1425049935	4
367	334	21	-60	31	1425049935	0
367	334	21	-60	31	1425049935	1
367	334	21	-60	31	1425049935	2
367	334	21	-60	31	1425049935	3
367	334	21	-60	31	1425049935	4
333	334	21	-60	31	1425049935	0
333	334	21	-60	31	1425049935	1
333	334	21	-60	31	1425049935	2
333	334	21	-60	31	1425049935	3
333	334	21	-60	31	1425049935	4
363	334	21	-65	31	1425049935	0
363	334	21	-66	31	1425049935	1
363	334	21	-66	31	1425049935	2
363	334	21	-66	31	1425049935	3
363	334	21	-66	31	1425049935	4
368	334	21	-76	31	1425049935	0
368	334	21	-76	31	1425049935	1
368	334	21	-76	31	1425049935	2
368	334	21	-76	31	1425049935	3
368	334	21	-76	31	1425049935	4
100	357	21	-83	31	1425049939	1
100	357	21	-84	31	1425049939	3
100	357	21	-83	31	1425049939	4
334	357	21	-67	31	1425049939	0
334	357	21	-67	31	1425049939	1
334	357	21	-67	31	1425049939	2
334	357	21	-67	31	1425049939	3
334	357	21	-67	31	1425049939	4
367	357	21	-58	31	1425049939	0
367	357	21	-58	31	1425049939	1
367	357	21	-59	31	1425049939	2
367	357	21	-59	31	1425049939	3
367	357	21	-58	31	1425049939	4
333	357	21	-55	31	1425049939	0
333	357	21	-54	31	1425049939	1
333	357	21	-55	31	1425049939	2
333	357	21	-55	31	1425049939	3
333	357	21	-54	31	1425049939	4
363	357	21	-59	31	1425049939	0
363	357	21	-58	31	1425049939	1
363	357	21	-58	31	1425049939	2
363	357	21	-58	31	1425049939	3
363	357	21	-58	31	1425049939	4
368	357	21	-78	31	1425049939	0
368	357	21	-78	31	1425049939	1
368	357	21	-76	31	1425049939	2
368	357	21	-77	31	1425049939	3
368	357	21	-77	31	1425049939	4
100	367	21	-59	31	1425049939	0
100	367	21	-59	31	1425049939	1
100	367	21	-59	31	1425049939	2
100	367	21	-59	31	1425049939	3
100	367	21	-59	31	1425049939	4
334	367	21	-61	31	1425049939	0
334	367	21	-61	31	1425049939	1
334	367	21	-61	31	1425049939	2
334	367	21	-61	31	1425049939	3
334	367	21	-61	31	1425049939	4
357	367	21	-60	31	1425049939	0
357	367	21	-60	31	1425049939	1
357	367	21	-60	31	1425049939	2
357	367	21	-60	31	1425049939	3
357	367	21	-60	31	1425049939	4
333	367	21	-76	31	1425049939	0
333	367	21	-77	31	1425049939	1
333	367	21	-76	31	1425049939	2
333	367	21	-77	31	1425049939	3
333	367	21	-77	31	1425049939	4
363	367	21	-67	31	1425049939	0
363	367	21	-67	31	1425049939	1
363	367	21	-67	31	1425049939	2
363	367	21	-67	31	1425049939	3
363	367	21	-66	31	1425049939	4
368	367	21	-64	31	1425049939	0
368	367	21	-64	31	1425049939	1
368	367	21	-64	31	1425049939	2
368	367	21	-64	31	1425049939	3
368	367	21	-64	31	1425049939	4
100	333	21	-70	31	1425049940	0
100	333	21	-70	31	1425049940	1
100	333	21	-70	31	1425049940	2
100	333	21	-70	31	1425049940	3
100	333	21	-70	31	1425049940	4
334	333	21	-60	31	1425049940	0
334	333	21	-54	31	1425049940	1
334	333	21	-54	31	1425049940	2
334	333	21	-61	31	1425049940	3
334	333	21	-59	31	1425049940	4
357	333	21	-55	31	1425049940	0
357	333	21	-55	31	1425049940	1
357	333	21	-55	31	1425049940	2
357	333	21	-55	31	1425049940	3
357	333	21	-55	31	1425049940	4
367	333	21	-78	31	1425049940	0
367	333	21	-77	31	1425049940	1
367	333	21	-78	31	1425049940	2
367	333	21	-78	31	1425049940	3
367	333	21	-77	31	1425049940	4
363	333	21	-63	31	1425049940	0
363	333	21	-63	31	1425049940	1
363	333	21	-63	31	1425049940	2
363	333	21	-64	31	1425049940	3
363	333	21	-63	31	1425049940	4
368	333	21	-55	31	1425049940	0
368	333	21	-54	31	1425049940	1
368	333	21	-54	31	1425049940	2
368	333	21	-54	31	1425049940	3
368	333	21	-54	31	1425049940	4
100	363	21	-82	31	1425049944	0
100	363	21	-82	31	1425049944	1
100	363	21	-82	31	1425049944	2
100	363	21	-82	31	1425049944	3
100	363	21	-83	31	1425049944	4
334	363	21	-66	31	1425049944	0
334	363	21	-67	31	1425049944	2
334	363	21	-67	31	1425049944	3
334	363	21	-67	31	1425049944	4
357	363	21	-60	31	1425049944	0
357	363	21	-60	31	1425049944	1
357	363	21	-60	31	1425049944	2
357	363	21	-60	31	1425049944	3
357	363	21	-60	31	1425049944	4
367	363	21	-67	31	1425049944	0
367	363	21	-67	31	1425049944	1
367	363	21	-67	31	1425049944	2
367	363	21	-68	31	1425049944	3
367	363	21	-68	31	1425049944	4
333	363	21	-64	31	1425049944	0
333	363	21	-64	31	1425049944	1
333	363	21	-64	31	1425049944	2
333	363	21	-64	31	1425049944	3
333	363	21	-64	31	1425049944	4
368	363	21	-74	31	1425049944	0
368	363	21	-74	31	1425049944	1
368	363	21	-74	31	1425049944	2
368	363	21	-74	31	1425049944	3
100	368	21	-67	31	1425049947	0
100	368	21	-66	31	1425049947	1
100	368	21	-66	31	1425049947	2
100	368	21	-66	31	1425049947	3
100	368	21	-66	31	1425049947	4
334	368	21	-77	31	1425049947	0
334	368	21	-77	31	1425049947	4
357	368	21	-79	31	1425049947	0
357	368	21	-79	31	1425049947	1
357	368	21	-79	31	1425049947	2
357	368	21	-79	31	1425049947	3
357	368	21	-79	31	1425049947	4
367	368	21	-63	31	1425049947	0
367	368	21	-64	31	1425049947	1
367	368	21	-63	31	1425049947	2
367	368	21	-64	31	1425049947	3
367	368	21	-64	31	1425049947	4
333	368	21	-58	31	1425049947	0
333	368	21	-56	31	1425049947	1
333	368	21	-56	31	1425049947	2
333	368	21	-56	31	1425049947	3
333	368	21	-58	31	1425049947	4
363	368	21	-74	31	1425049947	0
363	368	21	-74	31	1425049947	1
363	368	21	-74	31	1425049947	2
363	368	21	-74	31	1425049947	3
334	100	22	-66	31	1425049979	0
334	100	22	-66	31	1425049979	1
334	100	22	-66	31	1425049979	2
334	100	22	-66	31	1425049979	3
334	100	22	-66	31	1425049979	4
367	100	22	-54	31	1425049979	0
367	100	22	-56	31	1425049979	1
367	100	22	-58	31	1425049979	2
367	100	22	-56	31	1425049979	3
367	100	22	-56	31	1425049979	4
333	100	22	-66	31	1425049979	0
333	100	22	-66	31	1425049979	1
333	100	22	-66	31	1425049979	2
333	100	22	-66	31	1425049979	3
333	100	22	-66	31	1425049979	4
368	100	22	-64	31	1425049979	0
368	100	22	-64	31	1425049979	1
368	100	22	-64	31	1425049979	2
368	100	22	-64	31	1425049979	3
100	334	22	-69	31	1425049983	0
100	334	22	-69	31	1425049983	1
100	334	22	-69	31	1425049983	2
100	334	22	-69	31	1425049983	3
100	334	22	-69	31	1425049983	4
367	334	22	-62	31	1425049983	0
367	334	22	-62	31	1425049983	1
367	334	22	-62	31	1425049983	2
367	334	22	-62	31	1425049983	3
367	334	22	-62	31	1425049983	4
333	334	22	-58	31	1425049983	0
333	334	22	-58	31	1425049983	1
333	334	22	-58	31	1425049983	2
333	334	22	-59	31	1425049983	3
333	334	22	-58	31	1425049983	4
363	334	22	-59	31	1425049983	0
363	334	22	-60	31	1425049983	1
363	334	22	-59	31	1425049983	2
363	334	22	-59	31	1425049983	3
363	334	22	-59	31	1425049983	4
368	334	22	-68	31	1425049983	0
368	334	22	-68	31	1425049983	1
368	334	22	-68	31	1425049983	2
368	334	22	-68	31	1425049983	3
100	357	21	-83	31	1425050008	1
100	357	21	-84	31	1425050008	3
100	357	21	-83	31	1425050008	4
334	357	21	-67	31	1425050008	0
334	357	21	-67	31	1425050008	1
334	357	21	-67	31	1425050008	2
334	357	21	-67	31	1425050008	3
334	357	21	-67	31	1425050008	4
367	357	21	-58	31	1425050008	0
367	357	21	-58	31	1425050008	1
367	357	21	-59	31	1425050008	2
367	357	21	-59	31	1425050008	3
367	357	21	-58	31	1425050008	4
333	357	21	-55	31	1425050008	0
333	357	21	-54	31	1425050008	1
333	357	21	-55	31	1425050008	2
333	357	21	-55	31	1425050008	3
333	357	21	-54	31	1425050008	4
363	357	21	-59	31	1425050008	0
363	357	21	-58	31	1425050008	1
363	357	21	-58	31	1425050008	2
363	357	21	-58	31	1425050008	3
363	357	21	-58	31	1425050008	4
368	357	21	-78	31	1425050008	0
368	357	21	-78	31	1425050008	1
368	357	21	-76	31	1425050008	2
368	357	21	-77	31	1425050008	3
368	357	21	-77	31	1425050008	4
100	367	22	-62	31	1425050011	0
100	367	22	-62	31	1425050011	1
100	367	22	-62	31	1425050011	2
100	367	22	-62	31	1425050011	3
100	367	22	-62	31	1425050011	4
334	367	22	-62	31	1425050011	0
334	367	22	-62	31	1425050011	1
334	367	22	-62	31	1425050011	2
334	367	22	-62	31	1425050011	3
334	367	22	-62	31	1425050011	4
333	367	22	-66	31	1425050011	0
333	367	22	-66	31	1425050011	1
333	367	22	-66	31	1425050011	2
333	367	22	-66	31	1425050011	3
333	367	22	-66	31	1425050011	4
363	367	22	-63	31	1425050011	0
363	367	22	-62	31	1425050011	1
363	367	22	-62	31	1425050011	2
363	367	22	-62	31	1425050011	3
363	367	22	-63	31	1425050011	4
368	367	22	-70	31	1425050011	0
368	367	22	-70	31	1425050011	1
368	367	22	-70	31	1425050011	2
368	367	22	-70	31	1425050011	3
368	367	22	-70	31	1425050011	4
100	333	22	-72	31	1425050014	0
100	333	22	-72	31	1425050014	1
100	333	22	-72	31	1425050014	2
100	333	22	-72	31	1425050014	3
100	333	22	-72	31	1425050014	4
334	333	22	-57	31	1425050014	0
334	333	22	-59	31	1425050014	1
334	333	22	-59	31	1425050014	2
334	333	22	-59	31	1425050014	3
334	333	22	-57	31	1425050014	4
367	333	22	-66	31	1425050014	0
367	333	22	-66	31	1425050014	1
367	333	22	-66	31	1425050014	2
367	333	22	-66	31	1425050014	3
367	333	22	-66	31	1425050014	4
363	333	22	-65	31	1425050014	0
363	333	22	-65	31	1425050014	1
363	333	22	-65	31	1425050014	2
363	333	22	-65	31	1425050014	3
363	333	22	-65	31	1425050014	4
368	333	22	-54	31	1425050014	0
368	333	22	-55	31	1425050014	1
368	333	22	-54	31	1425050014	2
368	333	22	-54	31	1425050014	3
368	333	22	-55	31	1425050014	4
100	363	22	-89	31	1425050018	0
100	363	22	-89	31	1425050018	1
100	363	22	-89	31	1425050018	2
100	363	22	-89	31	1425050018	3
100	363	22	-89	31	1425050018	4
334	363	22	-61	31	1425050018	0
334	363	22	-60	31	1425050018	1
334	363	22	-60	31	1425050018	2
334	363	22	-60	31	1425050018	3
334	363	22	-60	31	1425050018	4
367	363	22	-63	31	1425050018	0
367	363	22	-63	31	1425050018	1
367	363	22	-63	31	1425050018	2
367	363	22	-63	31	1425050018	3
367	363	22	-63	31	1425050018	4
333	363	22	-66	31	1425050018	0
333	363	22	-65	31	1425050018	1
333	363	22	-66	31	1425050018	2
333	363	22	-66	31	1425050018	3
333	363	22	-66	31	1425050018	4
368	363	22	-72	31	1425050018	0
368	363	22	-72	31	1425050018	1
368	363	22	-72	31	1425050018	2
368	363	22	-72	31	1425050018	3
100	368	22	-70	31	1425050021	0
100	368	22	-70	31	1425050021	1
100	368	22	-70	31	1425050021	2
100	368	22	-71	31	1425050021	3
100	368	22	-71	31	1425050021	4
334	368	22	-69	31	1425050021	0
334	368	22	-69	31	1425050021	1
334	368	22	-69	31	1425050021	2
334	368	22	-69	31	1425050021	3
334	368	22	-69	31	1425050021	4
367	368	22	-71	31	1425050021	0
367	368	22	-71	31	1425050021	1
367	368	22	-71	31	1425050021	2
367	368	22	-71	31	1425050021	3
367	368	22	-71	31	1425050021	4
333	368	22	-55	31	1425050021	0
333	368	22	-55	31	1425050021	1
333	368	22	-56	31	1425050021	2
333	368	22	-56	31	1425050021	3
333	368	22	-56	31	1425050021	4
363	368	22	-73	31	1425050021	0
363	368	22	-72	31	1425050021	1
363	368	22	-73	31	1425050021	2
363	368	22	-73	31	1425050021	3
363	368	22	-72	31	1425050021	4
334	100	23	-64	31	1425050023	0
334	100	23	-64	31	1425050023	1
334	100	23	-64	31	1425050023	2
334	100	23	-64	31	1425050023	3
334	100	23	-64	31	1425050023	4
357	100	23	-70	31	1425050023	0
357	100	23	-70	31	1425050023	1
357	100	23	-70	31	1425050023	2
357	100	23	-70	31	1425050023	3
357	100	23	-72	31	1425050023	4
367	100	23	-54	31	1425050023	0
367	100	23	-54	31	1425050023	1
367	100	23	-54	31	1425050023	2
367	100	23	-54	31	1425050023	3
367	100	23	-54	31	1425050023	4
333	100	23	-74	31	1425050023	0
333	100	23	-74	31	1425050023	1
333	100	23	-74	31	1425050023	2
333	100	23	-74	31	1425050023	3
333	100	23	-74	31	1425050023	4
363	100	23	-80	31	1425050023	0
363	100	23	-80	31	1425050023	1
363	100	23	-80	31	1425050023	2
363	100	23	-81	31	1425050023	3
363	100	23	-80	31	1425050023	4
368	100	23	-65	31	1425050023	0
368	100	23	-65	31	1425050023	1
368	100	23	-65	31	1425050023	2
368	100	23	-65	31	1425050023	3
368	100	23	-65	31	1425050023	4
100	334	23	-68	31	1425050023	0
100	334	23	-68	31	1425050023	1
100	334	23	-68	31	1425050023	2
100	334	23	-68	31	1425050023	3
100	334	23	-68	31	1425050023	4
357	334	23	-62	31	1425050023	0
357	334	23	-62	31	1425050023	1
357	334	23	-62	31	1425050023	2
357	334	23	-62	31	1425050023	3
357	334	23	-62	31	1425050023	4
367	334	23	-60	31	1425050023	0
367	334	23	-61	31	1425050023	1
367	334	23	-60	31	1425050023	2
367	334	23	-60	31	1425050023	3
367	334	23	-60	31	1425050023	4
333	334	23	-57	31	1425050023	0
333	334	23	-57	31	1425050023	1
333	334	23	-56	31	1425050023	2
333	334	23	-56	31	1425050023	3
333	334	23	-56	31	1425050023	4
363	334	23	-54	31	1425050023	0
363	334	23	-54	31	1425050023	1
363	334	23	-54	31	1425050023	2
363	334	23	-54	31	1425050023	3
363	334	23	-54	31	1425050023	4
368	334	23	-66	31	1425050023	0
368	334	23	-66	31	1425050023	1
368	334	23	-66	31	1425050023	2
368	334	23	-66	31	1425050023	3
368	334	23	-66	31	1425050023	4
100	357	23	-77	31	1425050023	0
100	357	23	-76	31	1425050023	1
100	357	23	-78	31	1425050023	2
100	357	23	-78	31	1425050023	3
100	357	23	-76	31	1425050023	4
334	357	23	-62	31	1425050023	0
334	357	23	-62	31	1425050023	1
334	357	23	-62	31	1425050023	2
334	357	23	-62	31	1425050023	3
334	357	23	-62	31	1425050023	4
367	357	23	-62	31	1425050023	0
367	357	23	-62	31	1425050023	1
367	357	23	-62	31	1425050023	2
367	357	23	-62	31	1425050023	3
367	357	23	-62	31	1425050023	4
333	357	23	-50	31	1425050023	0
333	357	23	-53	31	1425050023	1
333	357	23	-50	31	1425050023	2
333	357	23	-53	31	1425050023	3
333	357	23	-53	31	1425050023	4
363	357	23	-60	31	1425050023	0
363	357	23	-59	31	1425050023	1
363	357	23	-59	31	1425050023	2
363	357	23	-59	31	1425050023	3
363	357	23	-59	31	1425050023	4
368	357	23	-58	31	1425050023	0
368	357	23	-60	31	1425050023	1
368	357	23	-61	31	1425050023	2
368	357	23	-60	31	1425050023	3
368	357	23	-60	31	1425050023	4
100	367	23	-60	31	1425050024	0
100	367	23	-60	31	1425050024	1
100	367	23	-60	31	1425050024	2
100	367	23	-60	31	1425050024	3
100	367	23	-60	31	1425050024	4
334	367	23	-61	31	1425050024	0
334	367	23	-61	31	1425050024	1
334	367	23	-61	31	1425050024	2
334	367	23	-61	31	1425050024	3
334	367	23	-61	31	1425050024	4
357	367	23	-63	31	1425050024	0
357	367	23	-62	31	1425050024	1
357	367	23	-63	31	1425050024	2
357	367	23	-63	31	1425050024	3
357	367	23	-63	31	1425050024	4
333	367	23	-60	31	1425050024	0
333	367	23	-60	31	1425050024	1
333	367	23	-60	31	1425050024	2
333	367	23	-60	31	1425050024	3
333	367	23	-60	31	1425050024	4
363	367	23	-61	31	1425050024	0
363	367	23	-61	31	1425050024	1
363	367	23	-61	31	1425050024	2
363	367	23	-61	31	1425050024	3
363	367	23	-61	31	1425050024	4
368	367	23	-60	31	1425050024	0
368	367	23	-60	31	1425050024	1
368	367	23	-60	31	1425050024	2
368	367	23	-60	31	1425050024	3
368	367	23	-60	31	1425050024	4
100	333	23	-77	31	1425050024	0
100	333	23	-78	31	1425050024	1
100	333	23	-78	31	1425050024	2
100	333	23	-77	31	1425050024	3
100	333	23	-77	31	1425050024	4
334	333	23	-57	31	1425050024	0
334	333	23	-57	31	1425050024	1
334	333	23	-57	31	1425050024	2
334	333	23	-57	31	1425050024	3
334	333	23	-57	31	1425050024	4
357	333	23	-53	31	1425050024	0
357	333	23	-54	31	1425050024	1
357	333	23	-54	31	1425050024	2
357	333	23	-53	31	1425050024	3
357	333	23	-53	31	1425050024	4
367	333	23	-60	31	1425050024	0
367	333	23	-60	31	1425050024	1
367	333	23	-60	31	1425050024	2
367	333	23	-60	31	1425050024	3
367	333	23	-60	31	1425050024	4
363	333	23	-68	31	1425050024	0
363	333	23	-68	31	1425050024	1
363	333	23	-68	31	1425050024	2
363	333	23	-68	31	1425050024	3
363	333	23	-68	31	1425050024	4
368	333	23	-51	31	1425050024	0
368	333	23	-53	31	1425050024	1
368	333	23	-53	31	1425050024	2
368	333	23	-53	31	1425050024	3
368	333	23	-53	31	1425050024	4
100	363	23	-84	31	1425050025	0
100	363	23	-84	31	1425050025	1
100	363	23	-84	31	1425050025	2
100	363	23	-84	31	1425050025	3
100	363	23	-84	31	1425050025	4
334	363	23	-58	31	1425050025	0
334	363	23	-58	31	1425050025	1
334	363	23	-58	31	1425050025	2
334	363	23	-58	31	1425050025	3
334	363	23	-58	31	1425050025	4
357	363	23	-58	31	1425050025	0
357	363	23	-58	31	1425050025	1
357	363	23	-58	31	1425050025	2
357	363	23	-58	31	1425050025	3
357	363	23	-58	31	1425050025	4
367	363	23	-62	31	1425050025	0
367	363	23	-62	31	1425050025	1
367	363	23	-62	31	1425050025	2
367	363	23	-62	31	1425050025	3
367	363	23	-62	31	1425050025	4
333	363	23	-68	31	1425050025	0
333	363	23	-68	31	1425050025	1
333	363	23	-68	31	1425050025	2
333	363	23	-68	31	1425050025	3
333	363	23	-68	31	1425050025	4
368	363	23	-66	31	1425050025	0
368	363	23	-66	31	1425050025	1
368	363	23	-67	31	1425050025	2
368	363	23	-66	31	1425050025	3
368	363	23	-66	31	1425050025	4
100	368	23	-70	31	1425050029	0
100	368	23	-70	31	1425050029	1
100	368	23	-70	31	1425050029	2
100	368	23	-70	31	1425050029	3
100	368	23	-70	31	1425050029	4
334	368	23	-67	31	1425050029	0
334	368	23	-67	31	1425050029	1
334	368	23	-67	31	1425050029	2
334	368	23	-67	31	1425050029	3
334	368	23	-67	31	1425050029	4
357	368	23	-62	31	1425050029	0
357	368	23	-62	31	1425050029	1
357	368	23	-62	31	1425050029	2
357	368	23	-62	31	1425050029	3
357	368	23	-62	31	1425050029	4
367	368	23	-62	31	1425050029	0
367	368	23	-62	31	1425050029	1
367	368	23	-62	31	1425050029	2
367	368	23	-62	31	1425050029	3
367	368	23	-62	31	1425050029	4
333	368	23	-54	31	1425050029	0
333	368	23	-54	31	1425050029	1
333	368	23	-54	31	1425050029	2
363	368	23	-67	31	1425050029	1
334	100	24	-68	31	1425050031	0
334	100	24	-68	31	1425050031	1
334	100	24	-68	31	1425050031	2
334	100	24	-68	31	1425050031	3
334	100	24	-67	31	1425050031	4
357	100	24	-70	31	1425050031	0
357	100	24	-70	31	1425050031	1
357	100	24	-70	31	1425050031	2
357	100	24	-70	31	1425050031	3
357	100	24	-68	31	1425050031	4
367	100	24	-54	31	1425050031	0
367	100	24	-54	31	1425050031	1
367	100	24	-54	31	1425050031	2
367	100	24	-54	31	1425050031	3
367	100	24	-54	31	1425050031	4
333	100	24	-85	31	1425050031	0
333	100	24	-85	31	1425050031	1
333	100	24	-85	31	1425050031	2
333	100	24	-84	31	1425050031	3
333	100	24	-85	31	1425050031	4
363	100	24	-74	31	1425050031	0
363	100	24	-74	31	1425050031	1
363	100	24	-74	31	1425050031	2
363	100	24	-74	31	1425050031	3
363	100	24	-75	31	1425050031	4
368	100	24	-64	31	1425050031	0
368	100	24	-64	31	1425050031	1
368	100	24	-64	31	1425050031	2
368	100	24	-64	31	1425050031	3
368	100	24	-64	31	1425050031	4
100	334	24	-68	31	1425050031	0
100	334	24	-68	31	1425050031	1
100	334	24	-68	31	1425050031	2
100	334	24	-68	31	1425050031	3
100	334	24	-68	31	1425050031	4
357	334	24	-62	31	1425050031	0
357	334	24	-62	31	1425050031	1
357	334	24	-62	31	1425050031	2
357	334	24	-62	31	1425050031	3
357	334	24	-62	31	1425050031	4
367	334	24	-62	31	1425050031	0
367	334	24	-62	31	1425050031	1
367	334	24	-62	31	1425050031	2
367	334	24	-62	31	1425050031	3
367	334	24	-62	31	1425050031	4
333	334	24	-56	31	1425050031	0
333	334	24	-56	31	1425050031	1
333	334	24	-56	31	1425050031	2
333	334	24	-56	31	1425050031	3
333	334	24	-56	31	1425050031	4
363	334	24	-58	31	1425050031	0
363	334	24	-59	31	1425050031	1
363	334	24	-59	31	1425050031	2
363	334	24	-59	31	1425050031	3
363	334	24	-59	31	1425050031	4
368	334	24	-66	31	1425050031	0
368	334	24	-66	31	1425050031	1
368	334	24	-66	31	1425050031	2
368	334	24	-66	31	1425050031	3
368	334	24	-66	31	1425050031	4
100	357	24	-75	31	1425050032	0
100	357	24	-75	31	1425050032	1
100	357	24	-76	31	1425050032	2
100	357	24	-76	31	1425050032	3
100	357	24	-76	31	1425050032	4
334	357	24	-60	31	1425050032	0
334	357	24	-61	31	1425050032	1
334	357	24	-61	31	1425050032	2
334	357	24	-60	31	1425050032	3
334	357	24	-60	31	1425050032	4
367	357	24	-67	31	1425050032	0
367	357	24	-66	31	1425050032	1
367	357	24	-67	31	1425050032	2
367	357	24	-66	31	1425050032	3
367	357	24	-66	31	1425050032	4
333	357	24	-54	31	1425050032	0
333	357	24	-54	31	1425050032	1
333	357	24	-53	31	1425050032	2
333	357	24	-54	31	1425050032	3
333	357	24	-53	31	1425050032	4
363	357	24	-59	31	1425050032	0
363	357	24	-59	31	1425050032	1
363	357	24	-59	31	1425050032	2
363	357	24	-59	31	1425050032	3
363	357	24	-59	31	1425050032	4
368	357	24	-58	31	1425050032	0
368	357	24	-58	31	1425050032	1
368	357	24	-58	31	1425050032	2
368	357	24	-58	31	1425050032	3
368	357	24	-58	31	1425050032	4
100	367	24	-59	31	1425050032	0
100	367	24	-59	31	1425050032	1
100	367	24	-59	31	1425050032	2
100	367	24	-59	31	1425050032	3
100	367	24	-60	31	1425050032	4
334	367	24	-62	31	1425050032	0
334	367	24	-62	31	1425050032	1
334	367	24	-62	31	1425050032	2
334	367	24	-62	31	1425050032	3
334	367	24	-62	31	1425050032	4
357	367	24	-68	31	1425050032	0
357	367	24	-68	31	1425050032	1
357	367	24	-68	31	1425050032	2
357	367	24	-68	31	1425050032	3
357	367	24	-68	31	1425050032	4
333	367	24	-62	31	1425050032	0
333	367	24	-62	31	1425050032	1
333	367	24	-62	31	1425050032	2
333	367	24	-62	31	1425050032	3
333	367	24	-62	31	1425050032	4
363	367	24	-60	31	1425050032	0
363	367	24	-60	31	1425050032	1
363	367	24	-60	31	1425050032	2
363	367	24	-60	31	1425050032	3
363	367	24	-60	31	1425050032	4
368	367	24	-59	31	1425050032	0
368	367	24	-59	31	1425050032	1
368	367	24	-60	31	1425050032	2
368	367	24	-57	31	1425050032	3
368	367	24	-60	31	1425050032	4
100	333	24	-79	31	1425050033	0
100	333	24	-78	31	1425050033	1
100	333	24	-79	31	1425050033	2
100	333	24	-79	31	1425050033	3
100	333	24	-79	31	1425050033	4
334	333	24	-57	31	1425050033	0
334	333	24	-57	31	1425050033	1
334	333	24	-57	31	1425050033	2
334	333	24	-57	31	1425050033	3
334	333	24	-57	31	1425050033	4
357	333	24	-54	31	1425050033	0
357	333	24	-55	31	1425050033	1
357	333	24	-54	31	1425050033	2
357	333	24	-54	31	1425050033	3
357	333	24	-54	31	1425050033	4
367	333	24	-62	31	1425050033	0
367	333	24	-62	31	1425050033	1
367	333	24	-62	31	1425050033	2
367	333	24	-62	31	1425050033	3
367	333	24	-62	31	1425050033	4
363	333	24	-66	31	1425050033	0
363	333	24	-67	31	1425050033	1
363	333	24	-67	31	1425050033	2
363	333	24	-68	31	1425050033	3
363	333	24	-67	31	1425050033	4
368	333	24	-53	31	1425050033	0
368	333	24	-51	31	1425050033	1
368	333	24	-50	31	1425050033	2
368	333	24	-51	31	1425050033	3
368	333	24	-51	31	1425050033	4
100	363	24	-77	31	1425050033	0
100	363	24	-77	31	1425050033	1
100	363	24	-77	31	1425050033	2
100	363	24	-77	31	1425050033	3
100	363	24	-76	31	1425050033	4
334	363	24	-54	31	1425050033	0
334	363	24	-54	31	1425050033	1
334	363	24	-54	31	1425050033	2
334	363	24	-60	31	1425050033	3
334	363	24	-54	31	1425050033	4
357	363	24	-58	31	1425050033	0
357	363	24	-58	31	1425050033	1
357	363	24	-58	31	1425050033	2
357	363	24	-56	31	1425050033	3
357	363	24	-58	31	1425050033	4
367	363	24	-61	31	1425050033	0
367	363	24	-61	31	1425050033	1
367	363	24	-61	31	1425050033	2
367	363	24	-61	31	1425050033	3
367	363	24	-61	31	1425050033	4
333	363	24	-68	31	1425050033	0
333	363	24	-68	31	1425050033	1
333	363	24	-68	31	1425050033	2
333	363	24	-68	31	1425050033	3
333	363	24	-68	31	1425050033	4
368	363	24	-65	31	1425050033	0
368	363	24	-65	31	1425050033	1
368	363	24	-65	31	1425050033	2
368	363	24	-65	31	1425050033	3
368	363	24	-65	31	1425050033	4
100	368	24	-68	31	1425050037	0
100	368	24	-68	31	1425050037	1
100	368	24	-68	31	1425050037	2
100	368	24	-68	31	1425050037	3
100	368	24	-67	31	1425050037	4
334	368	24	-68	31	1425050037	0
334	368	24	-68	31	1425050037	1
334	368	24	-68	31	1425050037	2
334	368	24	-68	31	1425050037	3
334	368	24	-68	31	1425050037	4
357	368	24	-61	31	1425050037	0
357	368	24	-60	31	1425050037	1
357	368	24	-60	31	1425050037	2
357	368	24	-60	31	1425050037	3
357	368	24	-60	31	1425050037	4
367	368	24	-60	31	1425050037	0
367	368	24	-60	31	1425050037	1
367	368	24	-60	31	1425050037	2
367	368	24	-60	31	1425050037	3
367	368	24	-60	31	1425050037	4
333	368	24	-53	31	1425050037	0
333	368	24	-53	31	1425050037	1
333	368	24	-51	31	1425050037	2
333	368	24	-53	31	1425050037	4
363	368	24	-65	31	1425050037	3
363	368	24	-65	31	1425050037	4
334	100	25	-66	31	1425050038	0
334	100	25	-66	31	1425050038	1
334	100	25	-66	31	1425050038	2
334	100	25	-65	31	1425050038	3
334	100	25	-66	31	1425050038	4
357	100	25	-70	31	1425050038	0
357	100	25	-70	31	1425050038	1
357	100	25	-70	31	1425050038	2
357	100	25	-70	31	1425050038	3
357	100	25	-70	31	1425050038	4
367	100	25	-58	31	1425050038	0
367	100	25	-56	31	1425050038	1
367	100	25	-58	31	1425050038	2
367	100	25	-58	31	1425050038	3
367	100	25	-56	31	1425050038	4
333	100	25	-81	31	1425050038	0
333	100	25	-81	31	1425050038	1
333	100	25	-81	31	1425050038	2
333	100	25	-81	31	1425050038	3
333	100	25	-80	31	1425050038	4
363	100	25	-70	31	1425050038	0
363	100	25	-72	31	1425050038	1
363	100	25	-72	31	1425050038	2
363	100	25	-72	31	1425050038	3
363	100	25	-71	31	1425050038	4
368	100	25	-66	31	1425050038	0
368	100	25	-66	31	1425050038	1
368	100	25	-66	31	1425050038	2
368	100	25	-66	31	1425050038	3
368	100	25	-66	31	1425050038	4
100	334	25	-70	31	1425050038	0
100	334	25	-70	31	1425050038	1
100	334	25	-69	31	1425050039	2
100	334	25	-69	31	1425050039	3
100	334	25	-69	31	1425050039	4
357	334	25	-64	31	1425050039	0
357	334	25	-64	31	1425050039	1
357	334	25	-64	31	1425050039	2
357	334	25	-64	31	1425050039	3
357	334	25	-64	31	1425050039	4
367	334	25	-64	31	1425050039	0
367	334	25	-64	31	1425050039	1
367	334	25	-65	31	1425050039	2
367	334	25	-65	31	1425050039	3
367	334	25	-64	31	1425050039	4
333	334	25	-55	31	1425050039	0
333	334	25	-55	31	1425050039	1
333	334	25	-55	31	1425050039	2
333	334	25	-55	31	1425050039	3
333	334	25	-55	31	1425050039	4
363	334	25	-58	31	1425050039	0
363	334	25	-57	31	1425050039	1
363	334	25	-58	31	1425050039	2
363	334	25	-58	31	1425050039	3
363	334	25	-58	31	1425050039	4
368	334	25	-68	31	1425050039	0
368	334	25	-68	31	1425050039	1
368	334	25	-68	31	1425050039	2
368	334	25	-68	31	1425050039	3
368	334	25	-68	31	1425050039	4
100	357	25	-72	31	1425050039	0
100	357	25	-72	31	1425050039	1
100	357	25	-72	31	1425050039	2
100	357	25	-73	31	1425050039	3
100	357	25	-73	31	1425050039	4
334	357	25	-64	31	1425050039	0
334	357	25	-64	31	1425050039	1
334	357	25	-64	31	1425050039	2
334	357	25	-64	31	1425050039	3
334	357	25	-64	31	1425050039	4
367	357	25	-64	31	1425050039	0
367	357	25	-64	31	1425050039	1
367	357	25	-64	31	1425050039	2
367	357	25	-64	31	1425050039	3
367	357	25	-64	31	1425050039	4
333	357	25	-55	31	1425050039	0
333	357	25	-55	31	1425050039	1
333	357	25	-56	31	1425050039	2
333	357	25	-55	31	1425050039	3
333	357	25	-55	31	1425050039	4
363	357	25	-59	31	1425050039	0
363	357	25	-59	31	1425050039	1
363	357	25	-59	31	1425050039	2
363	357	25	-59	31	1425050039	3
363	357	25	-59	31	1425050039	4
368	357	25	-54	31	1425050039	0
368	357	25	-54	31	1425050039	1
368	357	25	-54	31	1425050039	2
368	357	25	-54	31	1425050039	3
368	357	25	-54	31	1425050039	4
100	367	25	-60	31	1425050039	0
100	367	25	-60	31	1425050039	1
100	367	25	-60	31	1425050039	2
100	367	25	-60	31	1425050039	3
100	367	25	-60	31	1425050039	4
334	367	25	-64	31	1425050039	0
334	367	25	-64	31	1425050039	1
334	367	25	-64	31	1425050039	2
334	367	25	-64	31	1425050039	3
334	367	25	-65	31	1425050039	4
357	367	25	-64	31	1425050039	0
357	367	25	-65	31	1425050039	1
357	367	25	-64	31	1425050039	2
357	367	25	-64	31	1425050039	3
357	367	25	-64	31	1425050039	4
333	367	25	-62	31	1425050039	0
333	367	25	-62	31	1425050039	1
333	367	25	-62	31	1425050039	2
333	367	25	-62	31	1425050039	3
333	367	25	-62	31	1425050039	4
363	367	25	-61	31	1425050039	0
363	367	25	-60	31	1425050039	1
363	367	25	-60	31	1425050039	2
363	367	25	-60	31	1425050039	3
363	367	25	-61	31	1425050039	4
368	367	25	-56	31	1425050039	0
368	367	25	-55	31	1425050039	1
368	367	25	-55	31	1425050039	2
368	367	25	-55	31	1425050039	3
368	367	25	-56	31	1425050039	4
100	333	25	-80	31	1425050040	0
100	333	25	-80	31	1425050040	1
100	333	25	-80	31	1425050040	2
100	333	25	-81	31	1425050040	3
100	333	25	-81	31	1425050040	4
334	333	25	-56	31	1425050040	0
334	333	25	-56	31	1425050040	1
334	333	25	-56	31	1425050040	2
334	333	25	-56	31	1425050040	3
334	333	25	-56	31	1425050040	4
357	333	25	-56	31	1425050040	0
357	333	25	-56	31	1425050040	1
357	333	25	-56	31	1425050040	2
357	333	25	-56	31	1425050040	3
357	333	25	-56	31	1425050040	4
367	333	25	-62	31	1425050040	0
367	333	25	-62	31	1425050040	1
367	333	25	-62	31	1425050040	2
367	333	25	-62	31	1425050040	3
367	333	25	-62	31	1425050040	4
363	333	25	-66	31	1425050040	0
363	333	25	-66	31	1425050040	1
363	333	25	-67	31	1425050040	2
363	333	25	-66	31	1425050040	3
363	333	25	-66	31	1425050040	4
368	333	25	-51	31	1425050040	0
368	333	25	-51	31	1425050040	1
368	333	25	-51	31	1425050040	2
368	333	25	-50	31	1425050040	3
368	333	25	-53	31	1425050040	4
100	363	25	-76	31	1425050043	0
100	363	25	-76	31	1425050043	1
100	363	25	-76	31	1425050043	2
100	363	25	-76	31	1425050043	3
100	363	25	-76	31	1425050043	4
334	363	25	-58	31	1425050043	0
334	363	25	-58	31	1425050043	1
334	363	25	-59	31	1425050043	2
334	363	25	-58	31	1425050043	3
334	363	25	-58	31	1425050043	4
357	363	25	-58	31	1425050043	0
357	363	25	-58	31	1425050043	1
357	363	25	-58	31	1425050043	2
357	363	25	-58	31	1425050043	3
357	363	25	-58	31	1425050043	4
367	363	25	-62	31	1425050043	0
367	363	25	-62	31	1425050043	1
367	363	25	-62	31	1425050043	2
367	363	25	-62	31	1425050043	3
367	363	25	-62	31	1425050043	4
333	363	25	-67	31	1425050043	0
333	363	25	-67	31	1425050043	1
333	363	25	-67	31	1425050043	2
333	363	25	-67	31	1425050043	3
333	363	25	-67	31	1425050043	4
368	363	25	-66	31	1425050043	0
368	363	25	-66	31	1425050043	1
368	363	25	-66	31	1425050043	2
368	363	25	-66	31	1425050043	3
100	368	25	-74	31	1425050047	0
100	368	25	-73	31	1425050047	1
100	368	25	-73	31	1425050047	2
100	368	25	-73	31	1425050047	3
100	368	25	-73	31	1425050047	4
334	368	25	-70	31	1425050047	0
334	368	25	-70	31	1425050047	1
334	368	25	-70	31	1425050047	2
334	368	25	-70	31	1425050047	3
334	368	25	-70	31	1425050047	4
357	368	25	-59	31	1425050047	0
357	368	25	-59	31	1425050047	1
357	368	25	-59	31	1425050047	2
357	368	25	-56	31	1425050047	3
357	368	25	-56	31	1425050047	4
367	368	25	-58	31	1425050047	0
367	368	25	-58	31	1425050047	1
367	368	25	-56	31	1425050047	2
367	368	25	-56	31	1425050047	3
367	368	25	-58	31	1425050047	4
333	368	25	-51	31	1425050047	0
333	368	25	-52	31	1425050047	1
333	368	25	-51	31	1425050047	2
333	368	25	-54	31	1425050047	3
363	368	25	-66	31	1425050047	0
363	368	25	-66	31	1425050047	2
363	368	25	-66	31	1425050047	4
334	100	26	-72	31	1425050048	0
334	100	26	-72	31	1425050048	1
334	100	26	-72	31	1425050048	2
334	100	26	-72	31	1425050048	3
334	100	26	-72	31	1425050048	4
357	100	26	-74	31	1425050048	0
357	100	26	-74	31	1425050048	1
357	100	26	-74	31	1425050048	2
357	100	26	-74	31	1425050048	3
357	100	26	-75	31	1425050048	4
367	100	26	-58	31	1425050048	0
367	100	26	-58	31	1425050048	1
367	100	26	-58	31	1425050048	2
367	100	26	-58	31	1425050048	3
367	100	26	-58	31	1425050048	4
333	100	26	-74	31	1425050048	0
333	100	26	-74	31	1425050048	1
333	100	26	-74	31	1425050048	2
333	100	26	-74	31	1425050048	3
333	100	26	-74	31	1425050048	4
363	100	26	-75	31	1425050048	0
363	100	26	-75	31	1425050048	1
363	100	26	-75	31	1425050048	2
363	100	26	-75	31	1425050049	3
363	100	26	-75	31	1425050049	4
368	100	26	-72	31	1425050049	0
368	100	26	-72	31	1425050049	1
368	100	26	-72	31	1425050049	2
368	100	26	-70	31	1425050049	3
368	100	26	-72	31	1425050049	4
100	334	26	-77	31	1425050049	0
100	334	26	-77	31	1425050049	1
100	334	26	-77	31	1425050049	2
100	334	26	-77	31	1425050049	3
100	334	26	-77	31	1425050049	4
357	334	26	-74	31	1425050049	0
357	334	26	-74	31	1425050049	1
357	334	26	-74	31	1425050049	2
357	334	26	-74	31	1425050049	3
357	334	26	-74	31	1425050049	4
367	334	26	-62	31	1425050049	0
367	334	26	-62	31	1425050049	1
367	334	26	-62	31	1425050049	2
367	334	26	-62	31	1425050049	3
367	334	26	-62	31	1425050049	4
333	334	26	-55	31	1425050049	0
333	334	26	-55	31	1425050049	1
333	334	26	-55	31	1425050049	2
333	334	26	-55	31	1425050049	3
333	334	26	-55	31	1425050049	4
363	334	26	-56	31	1425050049	0
363	334	26	-55	31	1425050049	1
363	334	26	-55	31	1425050049	2
363	334	26	-56	31	1425050049	3
363	334	26	-56	31	1425050049	4
368	334	26	-68	31	1425050049	0
368	334	26	-68	31	1425050049	1
368	334	26	-68	31	1425050049	2
368	334	26	-68	31	1425050049	3
368	334	26	-68	31	1425050049	4
100	357	26	-78	31	1425050049	0
100	357	26	-77	31	1425050049	1
100	357	26	-78	31	1425050049	2
100	357	26	-77	31	1425050049	3
100	357	26	-77	31	1425050049	4
334	357	26	-73	31	1425050049	0
334	357	26	-73	31	1425050049	1
334	357	26	-73	31	1425050049	2
334	357	26	-72	31	1425050049	3
334	357	26	-73	31	1425050049	4
367	357	26	-61	31	1425050049	0
367	357	26	-61	31	1425050049	1
367	357	26	-61	31	1425050049	2
367	357	26	-61	31	1425050049	3
367	357	26	-61	31	1425050049	4
333	357	26	-56	31	1425050049	0
333	357	26	-56	31	1425050049	1
333	357	26	-56	31	1425050049	2
333	357	26	-56	31	1425050049	3
333	357	26	-56	31	1425050049	4
363	357	26	-54	31	1425050049	0
363	357	26	-55	31	1425050049	1
363	357	26	-54	31	1425050049	2
363	357	26	-55	31	1425050049	3
363	357	26	-55	31	1425050049	4
368	357	26	-59	31	1425050049	0
368	357	26	-59	31	1425050049	1
368	357	26	-59	31	1425050049	2
368	357	26	-59	31	1425050049	3
368	357	26	-59	31	1425050049	4
100	367	26	-62	31	1425050050	0
100	367	26	-62	31	1425050050	1
100	367	26	-62	31	1425050050	2
100	367	26	-62	31	1425050050	3
100	367	26	-62	31	1425050050	4
334	367	26	-62	31	1425050050	0
334	367	26	-62	31	1425050050	1
334	367	26	-62	31	1425050050	2
334	367	26	-62	31	1425050050	3
334	367	26	-62	31	1425050050	4
357	367	26	-62	31	1425050050	0
357	367	26	-62	31	1425050050	1
357	367	26	-62	31	1425050050	2
357	367	26	-62	31	1425050050	3
357	367	26	-62	31	1425050050	4
333	367	26	-63	31	1425050050	0
333	367	26	-64	31	1425050050	1
333	367	26	-63	31	1425050050	2
333	367	26	-63	31	1425050050	3
333	367	26	-63	31	1425050050	4
363	367	26	-63	31	1425050050	0
363	367	26	-63	31	1425050050	1
363	367	26	-63	31	1425050050	2
363	367	26	-63	31	1425050050	3
363	367	26	-64	31	1425050050	4
368	367	26	-55	31	1425050050	0
368	367	26	-55	31	1425050050	1
368	367	26	-55	31	1425050050	2
368	367	26	-55	31	1425050050	3
368	367	26	-55	31	1425050050	4
100	333	26	-79	31	1425050050	0
100	333	26	-78	31	1425050050	1
100	333	26	-78	31	1425050050	2
100	333	26	-79	31	1425050050	3
100	333	26	-79	31	1425050050	4
334	333	26	-55	31	1425050050	0
334	333	26	-55	31	1425050050	1
334	333	26	-55	31	1425050050	2
334	333	26	-55	31	1425050050	3
334	333	26	-57	31	1425050050	4
357	333	26	-59	31	1425050050	0
357	333	26	-58	31	1425050050	1
357	333	26	-58	31	1425050050	2
357	333	26	-59	31	1425050050	3
357	333	26	-59	31	1425050050	4
367	333	26	-63	31	1425050050	0
367	333	26	-63	31	1425050050	1
367	333	26	-63	31	1425050050	2
367	333	26	-63	31	1425050050	3
367	333	26	-63	31	1425050050	4
363	333	26	-66	31	1425050050	0
363	333	26	-66	31	1425050050	1
363	333	26	-67	31	1425050050	2
363	333	26	-67	31	1425050050	3
363	333	26	-66	31	1425050050	4
368	333	26	-51	31	1425050050	0
368	333	26	-53	31	1425050050	1
368	333	26	-51	31	1425050050	2
368	333	26	-52	31	1425050050	3
368	333	26	-52	31	1425050050	4
100	363	26	-80	31	1425050054	0
100	363	26	-80	31	1425050054	1
100	363	26	-80	31	1425050054	2
100	363	26	-80	31	1425050054	3
100	363	26	-80	31	1425050054	4
334	363	26	-57	31	1425050054	0
334	363	26	-57	31	1425050054	1
334	363	26	-57	31	1425050054	2
334	363	26	-57	31	1425050054	3
334	363	26	-57	31	1425050054	4
357	363	26	-60	31	1425050054	0
357	363	26	-60	31	1425050054	1
357	363	26	-60	31	1425050054	2
357	363	26	-60	31	1425050054	3
357	363	26	-60	31	1425050054	4
367	363	26	-64	31	1425050054	0
367	363	26	-64	31	1425050054	1
367	363	26	-64	31	1425050054	2
367	363	26	-64	31	1425050054	3
367	363	26	-64	31	1425050054	4
333	363	26	-68	31	1425050054	0
333	363	26	-67	31	1425050054	1
333	363	26	-68	31	1425050054	2
333	363	26	-67	31	1425050054	3
333	363	26	-68	31	1425050054	4
368	363	26	-66	31	1425050054	2
368	363	26	-67	31	1425050054	3
100	368	26	-77	31	1425050057	0
100	368	26	-77	31	1425050057	1
100	368	26	-77	31	1425050057	2
100	368	26	-77	31	1425050057	3
100	368	26	-78	31	1425050057	4
334	368	26	-69	31	1425050057	0
334	368	26	-69	31	1425050057	1
334	368	26	-69	31	1425050057	2
334	368	26	-70	31	1425050057	3
334	368	26	-69	31	1425050057	4
357	368	26	-55	31	1425050057	0
357	368	26	-58	31	1425050057	1
357	368	26	-58	31	1425050057	2
357	368	26	-58	31	1425050057	3
357	368	26	-58	31	1425050057	4
367	368	26	-58	31	1425050057	0
367	368	26	-56	31	1425050057	1
367	368	26	-58	31	1425050057	2
367	368	26	-58	31	1425050057	3
367	368	26	-58	31	1425050057	4
333	368	26	-53	31	1425050057	0
333	368	26	-55	31	1425050057	1
333	368	26	-52	31	1425050057	2
333	368	26	-55	31	1425050057	3
333	368	26	-53	31	1425050057	4
363	368	26	-67	31	1425050057	0
363	368	26	-67	31	1425050057	1
363	368	26	-67	31	1425050057	3
363	368	26	-67	31	1425050057	4
