333	0	11	-68	31	1425049237	0
333	0	11	-68	31	1425049237	1
333	0	11	-68	31	1425049237	2
333	0	11	-68	31	1425049237	3
333	0	11	-67	31	1425049237	4
368	0	11	-70	31	1425049237	0
368	0	11	-70	31	1425049237	1
368	0	11	-70	31	1425049237	2
368	0	11	-70	31	1425049237	3
368	0	11	-70	31	1425049237	4
369	0	11	-62	31	1425049237	0
369	0	11	-62	31	1425049237	1
369	0	11	-62	31	1425049237	2
369	0	11	-62	31	1425049237	3
369	0	11	-62	31	1425049237	4
367	0	11	-60	31	1425049237	0
367	0	11	-60	31	1425049237	1
367	0	11	-60	31	1425049237	2
367	0	11	-60	31	1425049237	3
367	0	11	-60	31	1425049237	4
357	0	11	-79	31	1425049237	0
357	0	11	-79	31	1425049237	1
357	0	11	-79	31	1425049237	2
357	0	11	-79	31	1425049237	3
357	0	11	-79	31	1425049237	4
334	0	11	-72	31	1425049237	0
334	0	11	-72	31	1425049237	1
334	0	11	-72	31	1425049237	2
334	0	11	-72	31	1425049237	3
334	0	11	-72	31	1425049237	4
363	0	11	-76	31	1425049237	0
363	0	11	-77	31	1425049237	1
363	0	11	-76	31	1425049237	2
363	0	11	-76	31	1425049237	3
363	0	11	-77	31	1425049237	4
0	333	11	-69	31	1425049238	0
0	333	11	-68	31	1425049238	1
0	333	11	-68	31	1425049238	2
0	333	11	-68	31	1425049238	3
0	333	11	-68	31	1425049238	4
368	333	11	-57	31	1425049238	0
368	333	11	-58	31	1425049238	1
368	333	11	-57	31	1425049238	2
368	333	11	-58	31	1425049238	3
368	333	11	-58	31	1425049238	4
369	333	11	-62	31	1425049238	0
369	333	11	-62	31	1425049238	1
369	333	11	-62	31	1425049238	2
369	333	11	-62	31	1425049238	3
369	333	11	-62	31	1425049238	4
367	333	11	-55	31	1425049238	0
367	333	11	-54	31	1425049238	1
367	333	11	-55	31	1425049238	2
367	333	11	-54	31	1425049238	3
367	333	11	-54	31	1425049238	4
357	333	11	-54	31	1425049238	0
357	333	11	-54	31	1425049238	1
357	333	11	-54	31	1425049238	2
357	333	11	-54	31	1425049238	3
357	333	11	-54	31	1425049238	4
334	333	11	-64	31	1425049238	0
334	333	11	-64	31	1425049238	1
334	333	11	-64	31	1425049238	2
334	333	11	-64	31	1425049238	3
334	333	11	-64	31	1425049238	4
363	333	11	-61	31	1425049238	0
363	333	11	-61	31	1425049238	1
363	333	11	-60	31	1425049238	2
363	333	11	-62	31	1425049238	3
363	333	11	-60	31	1425049238	4
0	368	11	-75	31	1425049238	0
0	368	11	-75	31	1425049238	1
0	368	11	-75	31	1425049238	2
0	368	11	-77	31	1425049238	3
0	368	11	-76	31	1425049238	4
333	368	11	-59	31	1425049238	0
333	368	11	-59	31	1425049238	1
333	368	11	-59	31	1425049238	2
333	368	11	-59	31	1425049238	3
333	368	11	-59	31	1425049238	4
369	368	11	-66	31	1425049238	0
369	368	11	-66	31	1425049238	1
369	368	11	-66	31	1425049238	2
369	368	11	-66	31	1425049238	3
369	368	11	-67	31	1425049238	4
367	368	11	-66	31	1425049238	0
367	368	11	-66	31	1425049238	1
367	368	11	-66	31	1425049238	2
367	368	11	-66	31	1425049238	3
367	368	11	-66	31	1425049238	4
357	368	11	-58	31	1425049238	0
357	368	11	-58	31	1425049238	1
357	368	11	-58	31	1425049238	2
357	368	11	-58	31	1425049238	3
357	368	11	-58	31	1425049238	4
334	368	11	-77	31	1425049238	0
334	368	11	-77	31	1425049238	1
334	368	11	-77	31	1425049238	2
334	368	11	-77	31	1425049238	3
334	368	11	-78	31	1425049238	4
363	368	11	-66	31	1425049238	0
363	368	11	-66	31	1425049238	1
363	368	11	-66	31	1425049238	2
363	368	11	-66	31	1425049238	2
363	368	11	-66	31	1425049238	3
363	368	11	-66	31	1425049238	4
0	369	11	-64	31	1425049239	0
0	369	11	-64	31	1425049239	1
0	369	11	-64	31	1425049239	2
0	369	11	-64	31	1425049239	3
0	369	11	-64	31	1425049239	4
333	369	11	-60	31	1425049239	0
333	369	11	-60	31	1425049239	1
333	369	11	-60	31	1425049239	2
333	369	11	-62	31	1425049239	3
333	369	11	-61	31	1425049239	4
368	369	11	-64	31	1425049239	0
368	369	11	-62	31	1425049239	1
368	369	11	-63	31	1425049239	2
368	369	11	-63	31	1425049239	3
368	369	11	-63	31	1425049239	4
367	369	11	-56	31	1425049239	0
367	369	11	-56	31	1425049239	1
367	369	11	-56	31	1425049239	2
367	369	11	-56	31	1425049239	3
367	369	11	-55	31	1425049239	4
357	369	11	-64	31	1425049239	0
357	369	11	-65	31	1425049239	1
357	369	11	-65	31	1425049239	2
357	369	11	-64	31	1425049239	3
357	369	11	-65	31	1425049239	4
334	369	11	-65	31	1425049239	0
334	369	11	-65	31	1425049239	1
334	369	11	-65	31	1425049239	2
334	369	11	-65	31	1425049239	3
334	369	11	-65	31	1425049239	4
363	369	11	-75	31	1425049239	0
363	369	11	-76	31	1425049239	1
363	369	11	-75	31	1425049239	2
363	369	11	-75	31	1425049239	3
363	369	11	-75	31	1425049239	4
0	367	11	-66	31	1425049242	0
0	367	11	-66	31	1425049242	1
0	367	11	-66	31	1425049242	2
0	367	11	-66	31	1425049242	3
0	367	11	-66	31	1425049242	4
333	367	11	-56	31	1425049242	0
333	367	11	-58	31	1425049242	1
333	367	11	-56	31	1425049242	2
333	367	11	-56	31	1425049242	3
333	367	11	-56	31	1425049242	4
368	367	11	-66	31	1425049242	0
368	367	11	-66	31	1425049242	1
368	367	11	-66	31	1425049242	2
368	367	11	-66	31	1425049242	3
368	367	11	-66	31	1425049242	4
369	367	11	-60	31	1425049242	0
369	367	11	-60	31	1425049242	1
369	367	11	-61	31	1425049242	2
369	367	11	-60	31	1425049242	3
369	367	11	-60	31	1425049242	4
357	367	11	-74	31	1425049242	0
357	367	11	-74	31	1425049242	1
357	367	11	-74	31	1425049242	2
357	367	11	-74	31	1425049242	3
357	367	11	-74	31	1425049242	4
334	367	11	-67	31	1425049242	0
334	367	11	-67	31	1425049242	1
334	367	11	-67	31	1425049242	3
334	367	11	-67	31	1425049242	4
363	367	11	-70	31	1425049242	1
363	367	11	-70	31	1425049242	3
0	357	11	-79	31	1425049243	0
0	357	11	-80	31	1425049243	1
0	357	11	-80	31	1425049243	2
0	357	11	-80	31	1425049243	3
0	357	11	-80	31	1425049243	4
333	357	11	-59	31	1425049243	0
333	357	11	-59	31	1425049243	1
333	357	11	-59	31	1425049243	2
333	357	11	-59	31	1425049243	3
333	357	11	-59	31	1425049243	4
368	357	11	-54	31	1425049243	0
368	357	11	-54	31	1425049243	1
368	357	11	-54	31	1425049243	2
368	357	11	-61	31	1425049243	3
368	357	11	-61	31	1425049243	4
369	357	11	-66	31	1425049243	0
369	357	11	-66	31	1425049243	1
369	357	11	-66	31	1425049243	2
369	357	11	-66	31	1425049243	3
369	357	11	-66	31	1425049243	4
367	357	11	-72	31	1425049243	0
367	357	11	-72	31	1425049243	1
367	357	11	-72	31	1425049243	2
367	357	11	-72	31	1425049243	3
367	357	11	-72	31	1425049243	4
334	357	11	-59	31	1425049243	0
334	357	11	-59	31	1425049243	1
334	357	11	-59	31	1425049243	2
334	357	11	-59	31	1425049243	3
334	357	11	-59	31	1425049243	4
363	357	11	-62	31	1425049243	0
363	357	11	-64	31	1425049243	1
363	357	11	-62	31	1425049243	2
363	357	11	-62	31	1425049243	3
363	357	11	-62	31	1425049243	4
0	334	11	-76	31	1425049243	0
0	334	11	-76	31	1425049243	1
0	334	11	-76	31	1425049243	2
0	334	11	-76	31	1425049243	3
0	334	11	-76	31	1425049243	4
333	334	11	-64	31	1425049243	0
333	334	11	-65	31	1425049243	1
333	334	11	-64	31	1425049243	2
333	334	11	-64	31	1425049243	3
333	334	11	-64	31	1425049243	4
368	334	11	-75	31	1425049243	0
368	334	11	-76	31	1425049243	1
368	334	11	-75	31	1425049243	2
368	334	11	-75	31	1425049243	3
368	334	11	-76	31	1425049243	4
369	334	11	-67	31	1425049243	0
369	334	11	-67	31	1425049243	1
369	334	11	-67	31	1425049243	2
369	334	11	-67	31	1425049243	3
369	334	11	-67	31	1425049243	4
367	334	11	-66	31	1425049243	0
367	334	11	-66	31	1425049243	1
367	334	11	-66	31	1425049243	2
367	334	11	-66	31	1425049243	3
367	334	11	-66	31	1425049243	4
357	334	11	-60	31	1425049243	0
357	334	11	-60	31	1425049243	1
357	334	11	-60	31	1425049243	2
357	334	11	-60	31	1425049243	3
357	334	11	-60	31	1425049243	4
363	334	11	-59	31	1425049243	0
363	334	11	-61	31	1425049243	1
363	334	11	-54	31	1425049243	2
363	334	11	-62	31	1425049244	3
363	334	11	-61	31	1425049244	4
0	363	11	-87	31	1425049247	0
0	363	11	-87	31	1425049247	1
0	363	11	-87	31	1425049247	2
0	363	11	-87	31	1425049247	3
0	363	11	-87	31	1425049247	4
333	363	11	-62	31	1425049247	0
333	363	11	-62	31	1425049247	1
333	363	11	-62	31	1425049247	2
333	363	11	-62	31	1425049247	3
333	363	11	-62	31	1425049247	4
368	363	11	-66	31	1425049247	0
368	363	11	-66	31	1425049247	1
368	363	11	-66	31	1425049247	2
368	363	11	-66	31	1425049247	3
368	363	11	-66	31	1425049247	4
369	363	11	-78	31	1425049247	0
369	363	11	-78	31	1425049247	1
369	363	11	-78	31	1425049247	2
369	363	11	-78	31	1425049247	3
369	363	11	-78	31	1425049247	4
367	363	11	-70	31	1425049247	0
367	363	11	-70	31	1425049247	1
367	363	11	-70	31	1425049247	2
367	363	11	-70	31	1425049247	4
357	363	11	-63	31	1425049247	1
357	363	11	-63	31	1425049247	3
334	363	11	-58	31	1425049247	0
334	363	11	-58	31	1425049247	4
333	0	12	-64	31	1425049248	0
333	0	12	-64	31	1425049249	1
333	0	12	-64	31	1425049249	2
333	0	12	-64	31	1425049249	3
333	0	12	-64	31	1425049249	4
368	0	12	-74	31	1425049249	0
368	0	12	-75	31	1425049249	1
368	0	12	-74	31	1425049249	2
368	0	12	-74	31	1425049249	3
368	0	12	-74	31	1425049249	4
369	0	12	-63	31	1425049249	0
369	0	12	-64	31	1425049249	1
369	0	12	-63	31	1425049249	2
369	0	12	-64	31	1425049249	3
369	0	12	-64	31	1425049249	4
367	0	12	-62	31	1425049249	0
367	0	12	-62	31	1425049249	1
367	0	12	-62	31	1425049249	2
367	0	12	-62	31	1425049249	3
367	0	12	-62	31	1425049249	4
357	0	12	-72	31	1425049249	0
357	0	12	-72	31	1425049249	1
357	0	12	-72	31	1425049249	2
357	0	12	-72	31	1425049249	3
357	0	12	-72	31	1425049249	4
334	0	12	-70	31	1425049249	0
334	0	12	-68	31	1425049249	1
334	0	12	-68	31	1425049249	2
334	0	12	-68	31	1425049249	3
334	0	12	-70	31	1425049249	4
363	0	12	-76	31	1425049249	0
363	0	12	-75	31	1425049249	1
363	0	12	-75	31	1425049249	2
363	0	12	-76	31	1425049249	3
363	0	12	-76	31	1425049249	4
0	333	12	-68	31	1425049249	0
0	333	12	-68	31	1425049249	1
0	333	12	-68	31	1425049249	2
0	333	12	-68	31	1425049249	3
0	333	12	-68	31	1425049249	4
368	333	12	-58	31	1425049249	0
368	333	12	-58	31	1425049249	1
368	333	12	-58	31	1425049249	2
368	333	12	-58	31	1425049249	3
368	333	12	-58	31	1425049249	4
369	333	12	-60	31	1425049249	0
369	333	12	-60	31	1425049249	1
369	333	12	-60	31	1425049249	2
369	333	12	-60	31	1425049249	3
369	333	12	-61	31	1425049249	4
367	333	12	-54	31	1425049249	0
367	333	12	-61	31	1425049249	1
367	333	12	-54	31	1425049249	2
367	333	12	-54	31	1425049249	3
367	333	12	-54	31	1425049249	4
357	333	12	-55	31	1425049249	0
357	333	12	-54	31	1425049249	1
357	333	12	-54	31	1425049249	2
357	333	12	-55	31	1425049249	3
357	333	12	-54	31	1425049249	4
334	333	12	-61	31	1425049249	0
334	333	12	-61	31	1425049249	1
334	333	12	-61	31	1425049249	2
334	333	12	-61	31	1425049249	3
334	333	12	-61	31	1425049249	4
363	333	12	-60	31	1425049249	0
363	333	12	-60	31	1425049249	1
363	333	12	-60	31	1425049249	2
363	333	12	-60	31	1425049249	3
363	333	12	-60	31	1425049249	4
0	368	12	-77	31	1425049249	0
0	368	12	-77	31	1425049249	1
0	368	12	-77	31	1425049250	2
0	368	12	-78	31	1425049250	3
0	368	12	-78	31	1425049250	4
333	368	12	-59	31	1425049250	0
333	368	12	-59	31	1425049250	1
333	368	12	-59	31	1425049250	2
333	368	12	-59	31	1425049250	3
333	368	12	-59	31	1425049250	4
369	368	12	-63	31	1425049250	0
369	368	12	-62	31	1425049250	1
369	368	12	-62	31	1425049250	2
369	368	12	-62	31	1425049250	3
369	368	12	-62	31	1425049250	4
367	368	12	-68	31	1425049250	0
367	368	12	-68	31	1425049250	1
367	368	12	-68	31	1425049250	2
367	368	12	-68	31	1425049250	3
367	368	12	-67	31	1425049250	4
357	368	12	-58	31	1425049250	0
357	368	12	-55	31	1425049250	1
357	368	12	-55	31	1425049250	2
357	368	12	-55	31	1425049250	3
357	368	12	-58	31	1425049250	4
334	368	12	-69	31	1425049250	0
334	368	12	-69	31	1425049250	1
334	368	12	-70	31	1425049250	2
334	368	12	-69	31	1425049250	3
334	368	12	-70	31	1425049250	4
363	368	12	-65	31	1425049250	0
363	368	12	-65	31	1425049250	1
363	368	12	-65	31	1425049250	2
363	368	12	-66	31	1425049250	3
363	368	12	-66	31	1425049250	4
0	369	12	-64	31	1425049250	0
0	369	12	-64	31	1425049250	1
0	369	12	-64	31	1425049250	2
0	369	12	-64	31	1425049250	3
0	369	12	-65	31	1425049250	4
333	369	12	-55	31	1425049250	0
333	369	12	-55	31	1425049250	1
333	369	12	-55	31	1425049250	2
333	369	12	-55	31	1425049250	3
333	369	12	-62	31	1425049250	4
368	369	12	-58	31	1425049250	0
368	369	12	-60	31	1425049250	1
368	369	12	-60	31	1425049250	2
368	369	12	-58	31	1425049250	3
368	369	12	-60	31	1425049250	4
367	369	12	-59	31	1425049250	0
367	369	12	-59	31	1425049250	1
367	369	12	-59	31	1425049250	2
367	369	12	-59	31	1425049250	3
367	369	12	-59	31	1425049250	4
357	369	12	-64	31	1425049250	0
357	369	12	-64	31	1425049250	1
357	369	12	-64	31	1425049250	2
357	369	12	-64	31	1425049250	3
357	369	12	-64	31	1425049250	4
334	369	12	-62	31	1425049250	0
334	369	12	-64	31	1425049250	1
334	369	12	-62	31	1425049250	2
334	369	12	-62	31	1425049250	3
334	369	12	-62	31	1425049250	4
363	369	12	-69	31	1425049250	0
363	369	12	-69	31	1425049250	1
363	369	12	-69	31	1425049250	2
363	369	12	-69	31	1425049250	3
363	369	12	-69	31	1425049250	4
0	367	12	-66	31	1425049251	0
0	367	12	-66	31	1425049251	1
0	367	12	-66	31	1425049251	2
0	367	12	-66	31	1425049251	3
0	367	12	-66	31	1425049251	4
333	367	12	-55	31	1425049251	0
333	367	12	-55	31	1425049251	1
333	367	12	-55	31	1425049251	2
333	367	12	-55	31	1425049251	3
333	367	12	-55	31	1425049251	4
368	367	12	-67	31	1425049251	0
368	367	12	-67	31	1425049251	1
368	367	12	-67	31	1425049251	2
368	367	12	-67	31	1425049251	3
368	367	12	-67	31	1425049251	4
369	367	12	-59	31	1425049251	0
369	367	12	-59	31	1425049251	1
369	367	12	-59	31	1425049251	2
369	367	12	-59	31	1425049251	3
369	367	12	-59	31	1425049251	4
357	367	12	-74	31	1425049251	0
357	367	12	-74	31	1425049251	1
357	367	12	-74	31	1425049251	2
357	367	12	-74	31	1425049251	3
357	367	12	-74	31	1425049251	4
334	367	12	-66	31	1425049251	0
334	367	12	-65	31	1425049251	1
334	367	12	-66	31	1425049251	2
334	367	12	-65	31	1425049251	3
334	367	12	-66	31	1425049251	4
363	367	12	-75	31	1425049251	0
363	367	12	-75	31	1425049251	1
363	367	12	-74	31	1425049251	2
363	367	12	-74	31	1425049251	3
363	367	12	-74	31	1425049251	4
0	357	12	-74	31	1425049251	0
0	357	12	-74	31	1425049251	0
0	357	12	-75	31	1425049251	1
0	357	12	-74	31	1425049251	2
0	357	12	-74	31	1425049251	3
0	357	12	-74	31	1425049251	4
333	357	12	-54	31	1425049251	0
333	357	12	-60	31	1425049251	1
333	357	12	-54	31	1425049251	2
333	357	12	-54	31	1425049251	3
333	357	12	-54	31	1425049251	4
368	357	12	-59	31	1425049251	0
368	357	12	-59	31	1425049251	1
368	357	12	-59	31	1425049251	2
368	357	12	-59	31	1425049251	3
368	357	12	-59	31	1425049251	4
369	357	12	-65	31	1425049251	0
369	357	12	-65	31	1425049251	1
369	357	12	-65	31	1425049251	2
369	357	12	-65	31	1425049251	3
369	357	12	-64	31	1425049251	4
367	357	12	-73	31	1425049251	0
367	357	12	-73	31	1425049251	1
367	357	12	-73	31	1425049251	2
367	357	12	-73	31	1425049251	3
367	357	12	-72	31	1425049251	4
334	357	12	-58	31	1425049251	0
334	357	12	-58	31	1425049251	1
334	357	12	-59	31	1425049251	2
334	357	12	-58	31	1425049251	3
334	357	12	-58	31	1425049251	3
334	357	12	-58	31	1425049251	4
363	357	12	-62	31	1425049251	0
363	357	12	-62	31	1425049251	1
363	357	12	-62	31	1425049251	2
363	357	12	-63	31	1425049251	3
363	357	12	-63	31	1425049251	3
363	357	12	-62	31	1425049251	4
0	334	12	-72	31	1425049252	0
0	334	12	-72	31	1425049252	1
0	334	12	-71	31	1425049252	2
0	334	12	-72	31	1425049252	3
0	334	12	-72	31	1425049252	4
333	334	12	-60	31	1425049252	0
333	334	12	-60	31	1425049252	1
333	334	12	-60	31	1425049252	2
333	334	12	-60	31	1425049252	3
333	334	12	-60	31	1425049252	4
368	334	12	-68	31	1425049252	0
368	334	12	-68	31	1425049252	1
368	334	12	-68	31	1425049252	2
368	334	12	-68	31	1425049252	3
368	334	12	-68	31	1425049252	4
369	334	12	-65	31	1425049252	0
369	334	12	-64	31	1425049252	1
369	334	12	-64	31	1425049252	2
369	334	12	-64	31	1425049252	3
369	334	12	-64	31	1425049252	4
367	334	12	-64	31	1425049252	0
367	334	12	-64	31	1425049252	1
367	334	12	-64	31	1425049252	2
367	334	12	-64	31	1425049252	3
367	334	12	-64	31	1425049252	4
357	334	12	-57	31	1425049252	0
357	334	12	-59	31	1425049252	1
357	334	12	-59	31	1425049252	1
357	334	12	-57	31	1425049252	2
357	334	12	-57	31	1425049252	3
357	334	12	-57	31	1425049252	4
363	334	12	-58	31	1425049252	0
363	334	12	-58	31	1425049252	1
363	334	12	-58	31	1425049252	2
363	334	12	-58	31	1425049252	3
363	334	12	-58	31	1425049252	4
333	0	13	-68	31	1425049253	0
333	0	13	-68	31	1425049253	1
333	0	13	-67	31	1425049253	2
333	0	13	-68	31	1425049253	3
333	0	13	-66	31	1425049253	4
368	0	13	-66	31	1425049253	0
368	0	13	-66	31	1425049253	1
368	0	13	-66	31	1425049253	2
368	0	13	-66	31	1425049253	3
368	0	13	-68	31	1425049253	4
369	0	13	-58	31	1425049253	0
369	0	13	-58	31	1425049253	1
369	0	13	-56	31	1425049253	2
369	0	13	-58	31	1425049253	3
369	0	13	-59	31	1425049253	4
367	0	13	-70	31	1425049253	0
367	0	13	-70	31	1425049253	1
367	0	13	-70	31	1425049253	2
367	0	13	-70	31	1425049253	3
367	0	13	-70	31	1425049253	4
357	0	13	-72	31	1425049253	0
357	0	13	-71	31	1425049253	1
357	0	13	-73	31	1425049253	2
357	0	13	-74	31	1425049253	3
357	0	13	-74	31	1425049253	4
334	0	13	-72	31	1425049253	0
334	0	13	-72	31	1425049253	1
334	0	13	-70	31	1425049253	2
334	0	13	-70	31	1425049253	3
334	0	13	-70	31	1425049253	4
363	0	13	-74	31	1425049253	0
363	0	13	-74	31	1425049253	1
363	0	13	-74	31	1425049253	2
363	0	13	-75	31	1425049253	3
363	0	13	-74	31	1425049253	4
0	333	13	-70	31	1425049254	0
0	333	13	-70	31	1425049254	1
0	333	13	-70	31	1425049254	2
0	333	13	-70	31	1425049254	3
0	333	13	-70	31	1425049254	4
368	333	13	-58	31	1425049254	0
368	333	13	-58	31	1425049254	1
368	333	13	-58	31	1425049254	2
368	333	13	-58	31	1425049254	3
368	333	13	-58	31	1425049254	4
369	333	13	-60	31	1425049254	0
369	333	13	-59	31	1425049254	1
369	333	13	-59	31	1425049254	2
369	333	13	-59	31	1425049254	3
369	333	13	-59	31	1425049254	4
367	333	13	-59	31	1425049254	0
367	333	13	-60	31	1425049254	1
367	333	13	-60	31	1425049254	2
367	333	13	-61	31	1425049254	3
367	333	13	-59	31	1425049254	4
357	333	13	-61	31	1425049254	0
357	333	13	-61	31	1425049254	1
357	333	13	-61	31	1425049254	2
357	333	13	-61	31	1425049254	3
357	333	13	-60	31	1425049254	4
334	333	13	-60	31	1425049254	0
334	333	13	-60	31	1425049254	1
334	333	13	-60	31	1425049254	2
334	333	13	-60	31	1425049254	3
334	333	13	-60	31	1425049254	4
363	333	13	-59	31	1425049254	0
363	333	13	-59	31	1425049254	1
363	333	13	-59	31	1425049254	2
363	333	13	-59	31	1425049254	3
363	333	13	-59	31	1425049254	4
0	368	13	-71	31	1425049254	0
0	368	13	-70	31	1425049254	1
0	368	13	-71	31	1425049254	2
0	368	13	-70	31	1425049254	3
0	368	13	-70	31	1425049254	4
333	368	13	-58	31	1425049254	0
333	368	13	-58	31	1425049254	1
333	368	13	-58	31	1425049254	2
333	368	13	-58	31	1425049254	3
333	368	13	-58	31	1425049254	4
369	368	13	-62	31	1425049254	0
369	368	13	-62	31	1425049254	1
369	368	13	-62	31	1425049254	2
369	368	13	-62	31	1425049254	3
369	368	13	-62	31	1425049254	4
367	368	13	-64	31	1425049254	0
367	368	13	-64	31	1425049254	1
367	368	13	-64	31	1425049254	2
367	368	13	-65	31	1425049254	3
367	368	13	-65	31	1425049254	4
357	368	13	-58	31	1425049254	0
357	368	13	-58	31	1425049254	1
357	368	13	-55	31	1425049254	2
357	368	13	-58	31	1425049254	3
357	368	13	-58	31	1425049254	4
334	368	13	-66	31	1425049254	0
334	368	13	-66	31	1425049254	1
334	368	13	-66	31	1425049254	2
334	368	13	-66	31	1425049254	3
334	368	13	-66	31	1425049254	4
363	368	13	-65	31	1425049254	0
363	368	13	-67	31	1425049254	1
363	368	13	-66	31	1425049254	2
363	368	13	-66	31	1425049254	3
363	368	13	-66	31	1425049254	4
0	369	13	-60	31	1425049255	0
0	369	13	-58	31	1425049255	1
0	369	13	-61	31	1425049255	2
0	369	13	-61	31	1425049255	3
0	369	13	-61	31	1425049255	4
333	369	13	-55	31	1425049255	0
333	369	13	-55	31	1425049255	1
333	369	13	-55	31	1425049255	2
333	369	13	-55	31	1425049255	3
333	369	13	-55	31	1425049255	4
368	369	13	-57	31	1425049255	0
368	369	13	-60	31	1425049255	1
368	369	13	-60	31	1425049255	2
368	369	13	-60	31	1425049255	3
368	369	13	-60	31	1425049255	4
367	369	13	-58	31	1425049255	0
367	369	13	-58	31	1425049255	1
367	369	13	-58	31	1425049255	2
367	369	13	-56	31	1425049255	3
367	369	13	-56	31	1425049255	4
357	369	13	-62	31	1425049255	0
357	369	13	-62	31	1425049255	1
357	369	13	-62	31	1425049255	2
357	369	13	-62	31	1425049255	3
357	369	13	-62	31	1425049255	4
334	369	13	-61	31	1425049255	0
334	369	13	-61	31	1425049255	1
334	369	13	-61	31	1425049255	2
334	369	13	-61	31	1425049255	3
334	369	13	-62	31	1425049255	4
363	369	13	-66	31	1425049255	0
363	369	13	-66	31	1425049255	1
363	369	13	-65	31	1425049255	2
363	369	13	-64	31	1425049255	3
363	369	13	-64	31	1425049255	4
0	367	13	-72	31	1425049255	0
0	367	13	-73	31	1425049255	1
0	367	13	-73	31	1425049255	2
0	367	13	-72	31	1425049255	3
0	367	13	-72	31	1425049255	4
333	367	13	-54	31	1425049255	0
333	367	13	-54	31	1425049255	1
333	367	13	-54	31	1425049255	2
333	367	13	-54	31	1425049255	3
333	367	13	-54	31	1425049255	4
368	367	13	-64	31	1425049255	0
368	367	13	-64	31	1425049255	1
368	367	13	-64	31	1425049255	2
368	367	13	-64	31	1425049255	3
368	367	13	-64	31	1425049255	4
369	367	13	-60	31	1425049255	0
369	367	13	-60	31	1425049255	1
369	367	13	-60	31	1425049255	2
369	367	13	-60	31	1425049255	3
369	367	13	-60	31	1425049255	4
357	367	13	-72	31	1425049255	0
357	367	13	-72	31	1425049255	1
357	367	13	-72	31	1425049255	2
357	367	13	-73	31	1425049255	3
357	367	13	-72	31	1425049255	4
334	367	13	-63	31	1425049255	0
334	367	13	-63	31	1425049255	1
334	367	13	-63	31	1425049255	2
334	367	13	-63	31	1425049255	3
334	367	13	-63	31	1425049255	4
363	367	13	-71	31	1425049255	0
363	367	13	-70	31	1425049255	1
363	367	13	-70	31	1425049255	2
363	367	13	-70	31	1425049255	3
363	367	13	-70	31	1425049255	4
0	357	13	-74	31	1425049256	0
0	357	13	-76	31	1425049256	1
0	357	13	-76	31	1425049256	2
0	357	13	-75	31	1425049256	3
0	357	13	-74	31	1425049256	4
333	357	13	-60	31	1425049256	0
333	357	13	-60	31	1425049256	1
333	357	13	-60	31	1425049256	2
333	357	13	-60	31	1425049256	3
333	357	13	-60	31	1425049256	4
368	357	13	-58	31	1425049256	0
368	357	13	-58	31	1425049256	1
368	357	13	-58	31	1425049256	2
368	357	13	-58	31	1425049256	3
368	357	13	-58	31	1425049256	4
369	357	13	-64	31	1425049256	0
369	357	13	-64	31	1425049256	1
369	357	13	-64	31	1425049256	2
369	357	13	-64	31	1425049256	3
369	357	13	-64	31	1425049256	4
367	357	13	-70	31	1425049256	0
367	357	13	-70	31	1425049256	1
367	357	13	-70	31	1425049256	2
367	357	13	-70	31	1425049256	3
367	357	13	-71	31	1425049256	4
334	357	13	-58	31	1425049256	0
334	357	13	-57	31	1425049256	1
334	357	13	-57	31	1425049256	2
334	357	13	-57	31	1425049256	3
334	357	13	-58	31	1425049256	4
363	357	13	-62	31	1425049256	0
363	357	13	-62	31	1425049256	1
363	357	13	-64	31	1425049256	2
363	357	13	-62	31	1425049256	3
363	357	13	-62	31	1425049256	4
0	334	13	-70	31	1425049256	0
0	334	13	-70	31	1425049256	1
0	334	13	-70	31	1425049256	2
0	334	13	-70	31	1425049256	3
0	334	13	-70	31	1425049256	4
0	334	13	-70	31	1425049256	4
333	334	13	-60	31	1425049256	0
333	334	13	-60	31	1425049256	1
333	334	13	-60	31	1425049256	2
333	334	13	-60	31	1425049256	3
333	334	13	-60	31	1425049256	4
368	334	13	-65	31	1425049256	0
368	334	13	-64	31	1425049256	1
368	334	13	-64	31	1425049256	2
368	334	13	-64	31	1425049256	3
368	334	13	-64	31	1425049256	4
369	334	13	-62	31	1425049256	0
369	334	13	-62	31	1425049256	1
369	334	13	-62	31	1425049256	2
369	334	13	-62	31	1425049256	3
369	334	13	-62	31	1425049256	4
367	334	13	-63	31	1425049256	0
367	334	13	-63	31	1425049256	1
367	334	13	-63	31	1425049256	2
367	334	13	-62	31	1425049256	3
367	334	13	-62	31	1425049256	4
357	334	13	-59	31	1425049256	0
357	334	13	-59	31	1425049256	1
357	334	13	-59	31	1425049256	2
357	334	13	-59	31	1425049256	3
357	334	13	-59	31	1425049257	4
363	334	13	-54	31	1425049257	0
363	334	13	-54	31	1425049257	1
363	334	13	-54	31	1425049257	2
363	334	13	-54	31	1425049257	3
363	334	13	-54	31	1425049257	4
0	363	13	-80	31	1425049260	0
0	363	13	-80	31	1425049260	1
0	363	13	-80	31	1425049260	2
0	363	13	-80	31	1425049260	3
0	363	13	-80	31	1425049260	4
333	363	13	-60	31	1425049260	0
333	363	13	-60	31	1425049260	1
333	363	13	-60	31	1425049260	2
333	363	13	-60	31	1425049260	3
333	363	13	-60	31	1425049260	4
368	363	13	-66	31	1425049260	0
368	363	13	-65	31	1425049260	1
368	363	13	-65	31	1425049260	2
368	363	13	-66	31	1425049260	3
368	363	13	-65	31	1425049260	4
369	363	13	-66	31	1425049260	0
369	363	13	-66	31	1425049260	1
369	363	13	-66	31	1425049260	2
369	363	13	-66	31	1425049260	3
369	363	13	-67	31	1425049260	4
367	363	13	-71	31	1425049260	0
367	363	13	-71	31	1425049260	1
367	363	13	-71	31	1425049260	2
367	363	13	-72	31	1425049260	3
367	363	13	-71	31	1425049260	4
367	363	13	-71	31	1425049260	4
357	363	13	-63	31	1425049260	0
357	363	13	-63	31	1425049260	1
357	363	13	-63	31	1425049260	2
357	363	13	-63	31	1425049260	3
357	363	13	-63	31	1425049260	4
334	363	13	-58	31	1425049260	0
334	363	13	-59	31	1425049260	2
334	363	13	-58	31	1425049260	4
333	0	14	-68	31	1425049262	0
333	0	14	-68	31	1425049262	1
333	0	14	-68	31	1425049262	2
333	0	14	-68	31	1425049262	3
333	0	14	-68	31	1425049262	4
368	0	14	-66	31	1425049262	0
368	0	14	-66	31	1425049262	1
368	0	14	-66	31	1425049262	2
368	0	14	-66	31	1425049262	3
368	0	14	-66	31	1425049262	4
369	0	14	-59	31	1425049262	0
369	0	14	-58	31	1425049262	1
369	0	14	-58	31	1425049262	2
369	0	14	-58	31	1425049262	3
369	0	14	-58	31	1425049262	4
367	0	14	-64	31	1425049262	0
367	0	14	-64	31	1425049262	1
367	0	14	-64	31	1425049262	2
367	0	14	-64	31	1425049262	3
367	0	14	-64	31	1425049262	4
357	0	14	-66	31	1425049262	0
357	0	14	-67	31	1425049262	1
357	0	14	-66	31	1425049262	2
357	0	14	-68	31	1425049262	3
357	0	14	-66	31	1425049262	4
334	0	14	-70	31	1425049262	0
334	0	14	-70	31	1425049262	1
334	0	14	-70	31	1425049262	2
334	0	14	-70	31	1425049262	3
334	0	14	-70	31	1425049262	4
363	0	14	-75	31	1425049262	0
363	0	14	-75	31	1425049262	1
363	0	14	-75	31	1425049262	2
363	0	14	-75	31	1425049262	3
363	0	14	-75	31	1425049262	4
0	333	14	-72	31	1425049262	0
0	333	14	-72	31	1425049262	1
0	333	14	-72	31	1425049262	2
0	333	14	-72	31	1425049262	3
0	333	14	-72	31	1425049262	4
368	333	14	-59	31	1425049262	0
368	333	14	-59	31	1425049262	1
368	333	14	-59	31	1425049262	2
368	333	14	-59	31	1425049262	3
368	333	14	-59	31	1425049262	4
369	333	14	-61	31	1425049262	0
369	333	14	-61	31	1425049262	1
369	333	14	-61	31	1425049262	2
369	333	14	-61	31	1425049262	3
369	333	14	-62	31	1425049262	4
367	333	14	-58	31	1425049262	0
367	333	14	-58	31	1425049262	1
367	333	14	-58	31	1425049262	2
367	333	14	-58	31	1425049262	3
367	333	14	-58	31	1425049262	4
357	333	14	-61	31	1425049262	0
357	333	14	-61	31	1425049262	1
357	333	14	-61	31	1425049262	2
357	333	14	-62	31	1425049262	3
357	333	14	-61	31	1425049262	4
334	333	14	-62	31	1425049262	0
334	333	14	-62	31	1425049262	1
334	333	14	-62	31	1425049262	2
334	333	14	-62	31	1425049262	3
334	333	14	-62	31	1425049262	4
363	333	14	-60	31	1425049262	0
363	333	14	-61	31	1425049262	1
363	333	14	-60	31	1425049262	2
363	333	14	-60	31	1425049262	3
363	333	14	-60	31	1425049262	4
0	368	14	-73	31	1425049263	0
0	368	14	-72	31	1425049263	1
0	368	14	-72	31	1425049263	2
0	368	14	-72	31	1425049263	3
0	368	14	-72	31	1425049263	4
333	368	14	-59	31	1425049263	0
333	368	14	-58	31	1425049263	1
333	368	14	-58	31	1425049263	2
333	368	14	-59	31	1425049263	3
333	368	14	-59	31	1425049263	4
369	368	14	-63	31	1425049263	0
369	368	14	-63	31	1425049263	1
369	368	14	-63	31	1425049263	2
369	368	14	-63	31	1425049263	3
369	368	14	-63	31	1425049263	4
367	368	14	-62	31	1425049263	0
367	368	14	-62	31	1425049263	1
367	368	14	-62	31	1425049263	2
367	368	14	-62	31	1425049263	3
367	368	14	-62	31	1425049263	4
357	368	14	-60	31	1425049263	0
357	368	14	-60	31	1425049263	1
357	368	14	-60	31	1425049263	2
357	368	14	-60	31	1425049263	3
357	368	14	-60	31	1425049263	4
334	368	14	-66	31	1425049263	0
334	368	14	-66	31	1425049263	1
334	368	14	-66	31	1425049263	2
334	368	14	-66	31	1425049263	3
334	368	14	-66	31	1425049263	4
363	368	14	-66	31	1425049263	0
363	368	14	-66	31	1425049263	1
363	368	14	-65	31	1425049263	2
363	368	14	-65	31	1425049263	3
363	368	14	-65	31	1425049263	4
0	369	14	-60	31	1425049263	0
0	369	14	-60	31	1425049263	1
0	369	14	-60	31	1425049263	2
0	369	14	-60	31	1425049263	3
0	369	14	-57	31	1425049263	4
333	369	14	-59	31	1425049263	0
333	369	14	-59	31	1425049263	1
333	369	14	-59	31	1425049263	2
333	369	14	-57	31	1425049263	3
333	369	14	-59	31	1425049263	4
368	369	14	-60	31	1425049263	0
368	369	14	-58	31	1425049263	1
368	369	14	-60	31	1425049263	2
368	369	14	-60	31	1425049263	3
368	369	14	-60	31	1425049263	4
367	369	14	-60	31	1425049263	0
367	369	14	-56	31	1425049263	1
367	369	14	-60	31	1425049263	2
367	369	14	-60	31	1425049263	3
367	369	14	-60	31	1425049263	4
357	369	14	-64	31	1425049263	0
357	369	14	-64	31	1425049263	1
357	369	14	-64	31	1425049263	2
357	369	14	-64	31	1425049263	3
357	369	14	-64	31	1425049263	4
334	369	14	-60	31	1425049263	0
334	369	14	-60	31	1425049263	1
334	369	14	-60	31	1425049263	2
334	369	14	-60	31	1425049263	3
334	369	14	-60	31	1425049263	4
363	369	14	-63	31	1425049263	0
363	369	14	-63	31	1425049263	1
363	369	14	-63	31	1425049263	2
363	369	14	-63	31	1425049263	3
363	369	14	-63	31	1425049263	4
0	367	14	-68	31	1425049264	0
0	367	14	-68	31	1425049264	1
0	367	14	-68	31	1425049264	2
0	367	14	-68	31	1425049264	3
0	367	14	-68	31	1425049264	4
333	367	14	-60	31	1425049264	0
333	367	14	-59	31	1425049264	1
333	367	14	-59	31	1425049264	2
333	367	14	-59	31	1425049264	3
333	367	14	-59	31	1425049264	4
368	367	14	-60	31	1425049264	0
368	367	14	-60	31	1425049264	1
368	367	14	-61	31	1425049264	2
368	367	14	-61	31	1425049264	2
368	367	14	-61	31	1425049264	3
368	367	14	-60	31	1425049264	4
369	367	14	-62	31	1425049264	0
369	367	14	-61	31	1425049264	1
369	367	14	-62	31	1425049264	2
369	367	14	-62	31	1425049264	3
369	367	14	-62	31	1425049264	4
357	367	14	-72	31	1425049264	0
357	367	14	-72	31	1425049264	1
357	367	14	-72	31	1425049264	2
357	367	14	-72	31	1425049264	3
357	367	14	-72	31	1425049264	4
334	367	14	-62	31	1425049264	0
334	367	14	-62	31	1425049264	1
334	367	14	-62	31	1425049264	2
334	367	14	-62	31	1425049264	3
334	367	14	-62	31	1425049264	4
363	367	14	-68	31	1425049264	0
363	367	14	-68	31	1425049264	1
363	367	14	-68	31	1425049264	2
363	367	14	-68	31	1425049264	3
363	367	14	-68	31	1425049264	4
0	357	14	-70	31	1425049267	0
0	357	14	-70	31	1425049267	1
0	357	14	-70	31	1425049267	2
0	357	14	-70	31	1425049267	3
0	357	14	-70	31	1425049267	4
333	357	14	-60	31	1425049267	0
333	357	14	-60	31	1425049267	1
333	357	14	-61	31	1425049267	2
333	357	14	-60	31	1425049267	3
333	357	14	-61	31	1425049267	4
368	357	14	-58	31	1425049267	0
368	357	14	-58	31	1425049267	1
368	357	14	-58	31	1425049267	2
368	357	14	-58	31	1425049267	3
368	357	14	-56	31	1425049267	4
369	357	14	-66	31	1425049267	1
369	357	14	-66	31	1425049267	2
369	357	14	-65	31	1425049267	3
369	357	14	-66	31	1425049267	4
367	357	14	-70	31	1425049267	0
367	357	14	-70	31	1425049267	1
367	357	14	-70	31	1425049267	2
367	357	14	-70	31	1425049267	3
367	357	14	-70	31	1425049267	4
334	357	14	-57	31	1425049267	0
334	357	14	-57	31	1425049267	1
334	357	14	-58	31	1425049267	2
334	357	14	-57	31	1425049267	3
334	357	14	-57	31	1425049267	4
363	357	14	-61	31	1425049267	0
363	357	14	-61	31	1425049267	1
363	357	14	-61	31	1425049267	2
363	357	14	-61	31	1425049267	3
363	357	14	-61	31	1425049267	4
0	334	14	-75	31	1425049267	0
0	334	14	-75	31	1425049267	1
0	334	14	-75	31	1425049267	2
0	334	14	-75	31	1425049267	3
0	334	14	-75	31	1425049267	4
333	334	14	-61	31	1425049267	0
333	334	14	-62	31	1425049267	1
333	334	14	-61	31	1425049267	2
333	334	14	-62	31	1425049267	3
333	334	14	-62	31	1425049267	4
368	334	14	-64	31	1425049267	0
368	334	14	-64	31	1425049267	1
368	334	14	-64	31	1425049267	2
368	334	14	-64	31	1425049267	3
368	334	14	-64	31	1425049267	4
369	334	14	-61	31	1425049267	0
369	334	14	-61	31	1425049267	1
369	334	14	-61	31	1425049267	2
369	334	14	-61	31	1425049267	3
369	334	14	-61	31	1425049267	4
367	334	14	-62	31	1425049267	0
367	334	14	-61	31	1425049267	1
367	334	14	-62	31	1425049267	2
367	334	14	-61	31	1425049267	3
367	334	14	-61	31	1425049267	4
357	334	14	-59	31	1425049267	0
357	334	14	-59	31	1425049267	1
357	334	14	-58	31	1425049268	2
357	334	14	-59	31	1425049268	3
357	334	14	-58	31	1425049268	4
363	334	14	-58	31	1425049268	0
363	334	14	-58	31	1425049268	1
363	334	14	-58	31	1425049268	2
363	334	14	-58	31	1425049268	3
363	334	14	-58	31	1425049268	4
0	363	14	-79	31	1425049271	0
0	363	14	-79	31	1425049271	1
0	363	14	-79	31	1425049271	2
0	363	14	-79	31	1425049271	3
0	363	14	-80	31	1425049271	4
333	363	14	-60	31	1425049271	0
333	363	14	-60	31	1425049271	1
333	363	14	-60	31	1425049271	2
333	363	14	-60	31	1425049271	3
333	363	14	-60	31	1425049271	4
368	363	14	-65	31	1425049271	0
368	363	14	-65	31	1425049271	1
368	363	14	-65	31	1425049271	2
368	363	14	-65	31	1425049271	3
368	363	14	-65	31	1425049271	4
369	363	14	-65	31	1425049271	0
369	363	14	-65	31	1425049271	1
369	363	14	-65	31	1425049271	2
369	363	14	-65	31	1425049271	3
369	363	14	-65	31	1425049271	4
367	363	14	-68	31	1425049271	0
367	363	14	-68	31	1425049271	1
367	363	14	-68	31	1425049271	2
367	363	14	-68	31	1425049271	3
367	363	14	-68	31	1425049271	4
357	363	14	-62	31	1425049271	0
357	363	14	-62	31	1425049271	1
357	363	14	-62	31	1425049271	2
357	363	14	-62	31	1425049271	3
357	363	14	-62	31	1425049271	4
334	363	14	-58	31	1425049271	1
334	363	14	-59	31	1425049271	2
334	363	14	-58	31	1425049271	4
333	0	15	-64	31	1425049272	0
333	0	15	-64	31	1425049272	1
333	0	15	-64	31	1425049272	2
333	0	15	-64	31	1425049272	3
333	0	15	-64	31	1425049272	4
368	0	15	-68	31	1425049272	0
368	0	15	-68	31	1425049272	1
368	0	15	-68	31	1425049272	2
368	0	15	-68	31	1425049272	3
368	0	15	-68	31	1425049272	4
369	0	15	-58	31	1425049272	0
369	0	15	-58	31	1425049272	1
369	0	15	-58	31	1425049272	2
369	0	15	-58	31	1425049272	3
369	0	15	-58	31	1425049272	4
367	0	15	-62	31	1425049272	0
367	0	15	-62	31	1425049273	1
367	0	15	-62	31	1425049273	2
367	0	15	-62	31	1425049273	3
367	0	15	-62	31	1425049273	4
357	0	15	-66	31	1425049273	0
357	0	15	-68	31	1425049273	1
357	0	15	-67	31	1425049273	2
357	0	15	-66	31	1425049273	3
357	0	15	-68	31	1425049273	4
334	0	15	-76	31	1425049273	0
334	0	15	-76	31	1425049273	1
334	0	15	-76	31	1425049273	2
334	0	15	-76	31	1425049273	3
334	0	15	-76	31	1425049273	4
363	0	15	-82	31	1425049273	0
363	0	15	-82	31	1425049273	1
363	0	15	-82	31	1425049273	2
363	0	15	-82	31	1425049273	3
363	0	15	-82	31	1425049273	4
0	333	15	-67	31	1425049273	0
0	333	15	-68	31	1425049273	1
0	333	15	-68	31	1425049273	2
0	333	15	-68	31	1425049273	3
0	333	15	-68	31	1425049273	4
368	333	15	-58	31	1425049273	0
368	333	15	-58	31	1425049273	1
368	333	15	-58	31	1425049273	2
368	333	15	-58	31	1425049273	3
368	333	15	-58	31	1425049273	4
369	333	15	-61	31	1425049273	0
369	333	15	-61	31	1425049273	1
369	333	15	-61	31	1425049273	2
369	333	15	-61	31	1425049273	3
369	333	15	-61	31	1425049273	4
367	333	15	-62	31	1425049273	0
367	333	15	-62	31	1425049273	1
367	333	15	-62	31	1425049273	2
367	333	15	-62	31	1425049273	3
367	333	15	-62	31	1425049273	4
357	333	15	-60	31	1425049273	0
357	333	15	-60	31	1425049273	1
357	333	15	-60	31	1425049273	2
357	333	15	-60	31	1425049273	3
357	333	15	-60	31	1425049273	4
334	333	15	-63	31	1425049273	0
334	333	15	-63	31	1425049273	1
334	333	15	-63	31	1425049273	2
334	333	15	-64	31	1425049273	3
334	333	15	-63	31	1425049273	4
363	333	15	-62	31	1425049273	0
363	333	15	-61	31	1425049273	1
363	333	15	-62	31	1425049273	2
363	333	15	-62	31	1425049273	3
363	333	15	-62	31	1425049273	4
0	368	15	-72	31	1425049273	0
0	368	15	-74	31	1425049273	1
0	368	15	-73	31	1425049273	2
0	368	15	-73	31	1425049273	3
0	368	15	-74	31	1425049273	4
333	368	15	-59	31	1425049273	0
333	368	15	-59	31	1425049273	1
333	368	15	-59	31	1425049273	2
333	368	15	-59	31	1425049273	3
333	368	15	-60	31	1425049273	4
369	368	15	-64	31	1425049273	0
369	368	15	-64	31	1425049273	1
369	368	15	-64	31	1425049273	2
369	368	15	-64	31	1425049273	3
369	368	15	-64	31	1425049273	4
367	368	15	-60	31	1425049273	0
367	368	15	-60	31	1425049273	1
367	368	15	-60	31	1425049273	2
367	368	15	-60	31	1425049273	3
367	368	15	-60	31	1425049274	4
357	368	15	-62	31	1425049274	0
357	368	15	-62	31	1425049274	1
357	368	15	-62	31	1425049274	2
357	368	15	-62	31	1425049274	3
357	368	15	-62	31	1425049274	4
334	368	15	-66	31	1425049274	0
334	368	15	-66	31	1425049274	1
334	368	15	-66	31	1425049274	2
334	368	15	-66	31	1425049274	3
334	368	15	-66	31	1425049274	4
363	368	15	-66	31	1425049274	0
363	368	15	-66	31	1425049274	1
363	368	15	-66	31	1425049274	2
363	368	15	-66	31	1425049274	3
363	368	15	-66	31	1425049274	4
0	369	15	-56	31	1425049274	0
0	369	15	-59	31	1425049274	1
0	369	15	-60	31	1425049274	2
0	369	15	-60	31	1425049274	3
0	369	15	-60	31	1425049274	4
333	369	15	-57	31	1425049274	0
333	369	15	-57	31	1425049274	1
333	369	15	-57	31	1425049274	2
333	369	15	-57	31	1425049274	3
333	369	15	-59	31	1425049274	4
368	369	15	-62	31	1425049274	0
368	369	15	-62	31	1425049274	1
368	369	15	-62	31	1425049274	2
368	369	15	-62	31	1425049274	3
368	369	15	-62	31	1425049274	4
367	369	15	-59	31	1425049274	0
367	369	15	-59	31	1425049274	1
367	369	15	-59	31	1425049274	2
367	369	15	-57	31	1425049274	3
367	369	15	-59	31	1425049274	4
357	369	15	-66	31	1425049274	0
357	369	15	-66	31	1425049274	1
357	369	15	-66	31	1425049274	2
357	369	15	-66	31	1425049274	3
357	369	15	-66	31	1425049274	4
334	369	15	-58	31	1425049274	0
334	369	15	-59	31	1425049274	1
334	369	15	-59	31	1425049274	2
334	369	15	-59	31	1425049274	3
334	369	15	-59	31	1425049274	4
363	369	15	-63	31	1425049274	0
363	369	15	-63	31	1425049274	1
363	369	15	-65	31	1425049274	2
363	369	15	-64	31	1425049274	3
363	369	15	-63	31	1425049274	4
0	367	15	-65	31	1425049274	0
0	367	15	-66	31	1425049274	1
0	367	15	-66	31	1425049274	2
0	367	15	-66	31	1425049274	3
0	367	15	-66	31	1425049274	4
333	367	15	-62	31	1425049274	0
333	367	15	-62	31	1425049274	1
333	367	15	-62	31	1425049274	2
333	367	15	-62	31	1425049274	3
333	367	15	-62	31	1425049274	4
368	367	15	-60	31	1425049274	0
368	367	15	-60	31	1425049274	1
368	367	15	-60	31	1425049274	2
368	367	15	-60	31	1425049274	3
368	367	15	-60	31	1425049274	4
369	367	15	-62	31	1425049274	0
369	367	15	-62	31	1425049274	1
369	367	15	-62	31	1425049274	2
369	367	15	-62	31	1425049274	3
369	367	15	-62	31	1425049275	4
357	367	15	-74	31	1425049275	0
357	367	15	-74	31	1425049275	1
357	367	15	-74	31	1425049275	2
357	367	15	-74	31	1425049275	3
357	367	15	-74	31	1425049275	4
334	367	15	-62	31	1425049275	0
334	367	15	-62	31	1425049275	1
334	367	15	-62	31	1425049275	2
334	367	15	-62	31	1425049275	3
334	367	15	-62	31	1425049275	4
363	367	15	-66	31	1425049275	0
363	367	15	-67	31	1425049275	1
363	367	15	-67	31	1425049275	2
363	367	15	-67	31	1425049275	3
363	367	15	-67	31	1425049275	4
0	357	15	-70	31	1425049275	0
0	357	15	-70	31	1425049275	1
0	357	15	-70	31	1425049275	2
0	357	15	-70	31	1425049275	3
0	357	15	-70	31	1425049275	4
333	357	15	-56	31	1425049275	0
333	357	15	-59	31	1425049275	1
333	357	15	-56	31	1425049275	2
333	357	15	-59	31	1425049275	3
333	357	15	-59	31	1425049275	4
368	357	15	-61	31	1425049275	0
368	357	15	-61	31	1425049275	1
368	357	15	-61	31	1425049275	2
368	357	15	-61	31	1425049275	3
368	357	15	-61	31	1425049275	4
369	357	15	-67	31	1425049275	0
369	357	15	-67	31	1425049275	1
369	357	15	-68	31	1425049275	2
369	357	15	-68	31	1425049275	3
369	357	15	-68	31	1425049275	4
367	357	15	-72	31	1425049275	0
367	357	15	-72	31	1425049275	1
367	357	15	-72	31	1425049275	2
367	357	15	-72	31	1425049275	3
367	357	15	-72	31	1425049275	4
334	357	15	-58	31	1425049275	0
334	357	15	-58	31	1425049275	1
334	357	15	-58	31	1425049275	2
334	357	15	-58	31	1425049275	3
334	357	15	-58	31	1425049275	4
363	357	15	-62	31	1425049275	0
363	357	15	-62	31	1425049275	1
363	357	15	-63	31	1425049275	2
363	357	15	-62	31	1425049275	3
363	357	15	-62	31	1425049275	4
0	334	15	-79	31	1425049275	0
0	334	15	-79	31	1425049275	1
0	334	15	-79	31	1425049275	2
0	334	15	-79	31	1425049275	3
0	334	15	-78	31	1425049275	4
333	334	15	-62	31	1425049275	0
333	334	15	-62	31	1425049275	1
333	334	15	-62	31	1425049275	2
333	334	15	-62	31	1425049275	3
333	334	15	-62	31	1425049275	4
368	334	15	-64	31	1425049275	0
368	334	15	-64	31	1425049275	1
368	334	15	-64	31	1425049275	2
368	334	15	-64	31	1425049275	3
368	334	15	-64	31	1425049275	4
369	334	15	-60	31	1425049275	0
369	334	15	-60	31	1425049276	1
369	334	15	-60	31	1425049276	2
369	334	15	-60	31	1425049276	3
369	334	15	-60	31	1425049276	4
367	334	15	-62	31	1425049276	0
367	334	15	-62	31	1425049276	1
367	334	15	-62	31	1425049276	2
367	334	15	-62	31	1425049276	3
367	334	15	-62	31	1425049276	4
357	334	15	-59	31	1425049276	0
357	334	15	-59	31	1425049276	1
357	334	15	-57	31	1425049276	2
357	334	15	-59	31	1425049276	3
357	334	15	-59	31	1425049276	4
363	334	15	-57	31	1425049276	0
363	334	15	-57	31	1425049276	1
363	334	15	-57	31	1425049276	2
363	334	15	-57	31	1425049276	3
363	334	15	-57	31	1425049276	4
0	363	15	-88	31	1425049279	1
0	363	15	-88	31	1425049279	2
333	363	15	-62	31	1425049279	0
333	363	15	-62	31	1425049279	1
333	363	15	-62	31	1425049279	2
333	363	15	-62	31	1425049279	3
333	363	15	-62	31	1425049279	4
368	363	15	-66	31	1425049279	0
368	363	15	-66	31	1425049279	1
368	363	15	-66	31	1425049279	2
368	363	15	-66	31	1425049279	3
368	363	15	-66	31	1425049279	4
369	363	15	-66	31	1425049279	0
369	363	15	-66	31	1425049279	1
369	363	15	-66	31	1425049279	2
369	363	15	-66	31	1425049279	3
369	363	15	-66	31	1425049279	4
367	363	15	-67	31	1425049279	0
367	363	15	-67	31	1425049279	1
367	363	15	-67	31	1425049279	2
367	363	15	-67	31	1425049279	3
367	363	15	-67	31	1425049279	4
357	363	15	-63	31	1425049279	0
357	363	15	-62	31	1425049279	1
357	363	15	-62	31	1425049279	2
357	363	15	-62	31	1425049279	3
357	363	15	-62	31	1425049279	4
334	363	15	-58	31	1425049279	0
334	363	15	-58	31	1425049279	1
334	363	15	-58	31	1425049279	2
334	363	15	-58	31	1425049279	3
334	363	15	-58	31	1425049279	4
333	0	16	-66	31	1425049283	0
333	0	16	-66	31	1425049283	1
333	0	16	-66	31	1425049283	2
333	0	16	-66	31	1425049283	3
333	0	16	-66	31	1425049283	4
368	0	16	-74	31	1425049283	0
368	0	16	-74	31	1425049283	1
368	0	16	-74	31	1425049283	2
368	0	16	-74	31	1425049283	3
368	0	16	-74	31	1425049283	4
369	0	16	-57	31	1425049283	0
369	0	16	-58	31	1425049283	1
369	0	16	-57	31	1425049283	2
369	0	16	-58	31	1425049283	3
369	0	16	-56	31	1425049283	4
367	0	16	-59	31	1425049283	0
367	0	16	-60	31	1425049283	1
367	0	16	-59	31	1425049283	2
367	0	16	-59	31	1425049283	3
367	0	16	-59	31	1425049283	4
357	0	16	-70	31	1425049283	0
357	0	16	-70	31	1425049283	1
357	0	16	-70	31	1425049283	2
357	0	16	-70	31	1425049283	3
357	0	16	-70	31	1425049283	4
334	0	16	-86	31	1425049283	0
334	0	16	-85	31	1425049283	1
334	0	16	-85	31	1425049283	2
334	0	16	-85	31	1425049283	3
334	0	16	-84	31	1425049283	4
363	0	16	-90	31	1425049283	0
363	0	16	-90	31	1425049283	4
0	333	16	-70	31	1425049284	0
0	333	16	-70	31	1425049284	1
0	333	16	-70	31	1425049284	2
0	333	16	-70	31	1425049284	3
0	333	16	-70	31	1425049284	4
368	333	16	-58	31	1425049284	0
368	333	16	-58	31	1425049284	1
368	333	16	-58	31	1425049284	2
368	333	16	-58	31	1425049284	3
368	333	16	-59	31	1425049284	4
369	333	16	-62	31	1425049284	0
369	333	16	-62	31	1425049284	1
369	333	16	-62	31	1425049284	2
369	333	16	-62	31	1425049284	3
369	333	16	-63	31	1425049284	4
367	333	16	-62	31	1425049284	0
367	333	16	-62	31	1425049284	1
367	333	16	-62	31	1425049284	2
367	333	16	-62	31	1425049284	3
367	333	16	-62	31	1425049284	4
357	333	16	-60	31	1425049284	0
357	333	16	-60	31	1425049284	1
357	333	16	-60	31	1425049284	2
357	333	16	-60	31	1425049284	3
357	333	16	-60	31	1425049284	4
334	333	16	-64	31	1425049284	0
334	333	16	-64	31	1425049284	1
334	333	16	-64	31	1425049284	2
334	333	16	-64	31	1425049284	3
334	333	16	-64	31	1425049284	4
363	333	16	-62	31	1425049284	0
363	333	16	-62	31	1425049284	0
363	333	16	-62	31	1425049284	1
363	333	16	-62	31	1425049284	2
363	333	16	-62	31	1425049284	3
363	333	16	-61	31	1425049284	4
0	368	16	-80	31	1425049285	0
0	368	16	-80	31	1425049285	0
0	368	16	-80	31	1425049285	1
0	368	16	-80	31	1425049285	2
0	368	16	-80	31	1425049285	2
0	368	16	-80	31	1425049285	3
0	368	16	-80	31	1425049285	4
333	368	16	-58	31	1425049285	0
333	368	16	-58	31	1425049285	1
333	368	16	-58	31	1425049285	2
333	368	16	-58	31	1425049285	3
333	368	16	-58	31	1425049285	4
369	368	16	-62	31	1425049285	0
369	368	16	-62	31	1425049285	1
369	368	16	-62	31	1425049285	2
369	368	16	-62	31	1425049285	3
369	368	16	-62	31	1425049285	4
367	368	16	-59	31	1425049285	0
367	368	16	-59	31	1425049285	1
367	368	16	-60	31	1425049285	2
367	368	16	-59	31	1425049285	3
367	368	16	-59	31	1425049285	4
357	368	16	-63	31	1425049285	0
357	368	16	-63	31	1425049285	1
357	368	16	-63	31	1425049285	2
357	368	16	-63	31	1425049285	3
357	368	16	-64	31	1425049285	4
334	368	16	-68	31	1425049285	0
334	368	16	-68	31	1425049285	1
334	368	16	-68	31	1425049285	2
334	368	16	-68	31	1425049285	3
334	368	16	-68	31	1425049285	4
363	368	16	-70	31	1425049285	0
363	368	16	-70	31	1425049285	1
363	368	16	-69	31	1425049285	2
363	368	16	-69	31	1425049285	2
363	368	16	-69	31	1425049285	3
363	368	16	-69	31	1425049286	4
0	369	16	-60	31	1425049286	0
0	369	16	-60	31	1425049286	1
0	369	16	-56	31	1425049286	2
0	369	16	-60	31	1425049286	3
0	369	16	-60	31	1425049286	4
333	369	16	-58	31	1425049286	0
333	369	16	-60	31	1425049286	1
333	369	16	-58	31	1425049286	2
333	369	16	-60	31	1425049286	3
333	369	16	-60	31	1425049286	4
368	369	16	-60	31	1425049286	0
368	369	16	-59	31	1425049286	1
368	369	16	-56	31	1425049286	2
368	369	16	-58	31	1425049286	3
368	369	16	-56	31	1425049286	4
367	369	16	-61	31	1425049286	0
367	369	16	-54	31	1425049286	1
367	369	16	-54	31	1425049286	2
367	369	16	-60	31	1425049286	3
367	369	16	-54	31	1425049286	4
357	369	16	-67	31	1425049286	0
357	369	16	-67	31	1425049286	1
357	369	16	-67	31	1425049286	1
357	369	16	-67	31	1425049286	1
357	369	16	-67	31	1425049286	2
357	369	16	-67	31	1425049286	3
357	369	16	-67	31	1425049286	4
357	369	16	-67	31	1425049286	4
334	369	16	-60	31	1425049286	0
334	369	16	-60	31	1425049286	1
334	369	16	-60	31	1425049286	1
334	369	16	-60	31	1425049286	2
334	369	16	-57	31	1425049286	3
334	369	16	-60	31	1425049286	4
363	369	16	-63	31	1425049286	0
363	369	16	-63	31	1425049286	1
363	369	16	-65	31	1425049286	2
363	369	16	-65	31	1425049286	2
363	369	16	-65	31	1425049286	2
363	369	16	-65	31	1425049286	3
0	367	16	-65	31	1425049286	0
363	369	16	-63	31	1425049286	4
0	367	16	-64	31	1425049286	1
0	367	16	-65	31	1425049286	2
0	367	16	-64	31	1425049286	3
0	367	16	-64	31	1425049286	4
333	367	16	-62	31	1425049286	0
333	367	16	-62	31	1425049286	1
333	367	16	-62	31	1425049286	2
333	367	16	-62	31	1425049286	3
333	367	16	-62	31	1425049286	3
333	367	16	-62	31	1425049286	4
368	367	16	-58	31	1425049286	0
368	367	16	-58	31	1425049286	1
368	367	16	-58	31	1425049286	2
368	367	16	-58	31	1425049286	3
368	367	16	-58	31	1425049286	4
369	367	16	-61	31	1425049286	0
369	367	16	-62	31	1425049286	1
369	367	16	-61	31	1425049286	2
369	367	16	-61	31	1425049286	3
369	367	16	-61	31	1425049286	4
357	367	16	-71	31	1425049286	0
357	367	16	-71	31	1425049286	1
357	367	16	-71	31	1425049286	2
357	367	16	-71	31	1425049286	3
357	367	16	-71	31	1425049286	4
334	367	16	-63	31	1425049286	0
334	367	16	-63	31	1425049286	1
334	367	16	-63	31	1425049286	2
334	367	16	-64	31	1425049286	3
334	367	16	-64	31	1425049286	4
363	367	16	-74	31	1425049286	0
363	367	16	-74	31	1425049286	1
363	367	16	-74	31	1425049286	2
363	367	16	-74	31	1425049286	3
363	367	16	-74	31	1425049286	4
0	357	16	-73	31	1425049287	0
0	357	16	-73	31	1425049287	1
0	357	16	-73	31	1425049287	2
0	357	16	-74	31	1425049287	3
0	357	16	-74	31	1425049287	3
0	357	16	-73	31	1425049287	4
333	357	16	-60	31	1425049287	0
333	357	16	-60	31	1425049287	1
333	357	16	-60	31	1425049287	2
333	357	16	-60	31	1425049287	3
333	357	16	-60	31	1425049287	4
368	357	16	-62	31	1425049287	0
368	357	16	-62	31	1425049287	1
368	357	16	-62	31	1425049287	2
368	357	16	-62	31	1425049287	3
368	357	16	-62	31	1425049287	4
369	357	16	-69	31	1425049287	0
369	357	16	-69	31	1425049287	1
369	357	16	-69	31	1425049287	2
369	357	16	-69	31	1425049287	3
369	357	16	-69	31	1425049287	4
367	357	16	-70	31	1425049287	0
367	357	16	-70	31	1425049287	1
367	357	16	-70	31	1425049287	2
367	357	16	-70	31	1425049287	2
367	357	16	-70	31	1425049287	3
367	357	16	-70	31	1425049287	4
367	357	16	-70	31	1425049287	4
334	357	16	-58	31	1425049287	0
334	357	16	-58	31	1425049287	1
334	357	16	-58	31	1425049287	2
334	357	16	-58	31	1425049287	3
334	357	16	-58	31	1425049287	4
363	357	16	-64	31	1425049287	0
363	357	16	-64	31	1425049287	1
363	357	16	-64	31	1425049287	2
363	357	16	-64	31	1425049287	3
363	357	16	-64	31	1425049287	4
333	334	16	-64	31	1425049288	0
333	334	16	-64	31	1425049288	0
333	334	16	-64	31	1425049288	1
333	334	16	-64	31	1425049288	2
333	334	16	-64	31	1425049288	3
333	334	16	-64	31	1425049288	4
368	334	16	-67	31	1425049288	0
368	334	16	-66	31	1425049288	1
368	334	16	-66	31	1425049288	2
368	334	16	-66	31	1425049288	3
368	334	16	-67	31	1425049288	4
369	334	16	-62	31	1425049288	0
369	334	16	-62	31	1425049288	0
369	334	16	-62	31	1425049288	0
369	334	16	-62	31	1425049288	1
369	334	16	-62	31	1425049288	2
369	334	16	-62	31	1425049288	3
369	334	16	-62	31	1425049288	4
369	334	16	-62	31	1425049288	4
369	334	16	-62	31	1425049288	4
367	334	16	-62	31	1425049288	0
367	334	16	-62	31	1425049288	1
367	334	16	-62	31	1425049288	2
367	334	16	-62	31	1425049288	3
367	334	16	-62	31	1425049288	4
357	334	16	-59	31	1425049288	0
357	334	16	-59	31	1425049288	1
357	334	16	-59	31	1425049288	2
357	334	16	-59	31	1425049288	3
357	334	16	-59	31	1425049288	4
363	334	16	-58	31	1425049288	0
363	334	16	-58	31	1425049288	1
363	334	16	-58	31	1425049288	1
363	334	16	-58	31	1425049288	2
363	334	16	-58	31	1425049288	3
363	334	16	-57	31	1425049288	4
0	363	16	-89	31	1425049295	0
0	363	16	-89	31	1425049295	1
0	363	16	-89	31	1425049295	2
0	363	16	-89	31	1425049295	3
0	363	16	-89	31	1425049295	4
333	363	16	-62	31	1425049295	0
333	363	16	-63	31	1425049295	1
333	363	16	-62	31	1425049295	2
333	363	16	-62	31	1425049295	3
333	363	16	-62	31	1425049295	4
368	363	16	-68	31	1425049295	0
368	363	16	-68	31	1425049295	1
368	363	16	-68	31	1425049295	2
368	363	16	-68	31	1425049295	3
368	363	16	-68	31	1425049295	4
368	363	16	-68	31	1425049295	4
369	363	16	-66	31	1425049295	0
369	363	16	-66	31	1425049295	1
369	363	16	-66	31	1425049295	2
369	363	16	-66	31	1425049295	3
369	363	16	-66	31	1425049295	4
367	363	16	-74	31	1425049295	0
367	363	16	-74	31	1425049295	1
367	363	16	-74	31	1425049295	2
367	363	16	-74	31	1425049295	3
367	363	16	-74	31	1425049295	4
357	363	16	-65	31	1425049295	0
334	363	16	-58	31	1425049295	1
334	363	16	-58	31	1425049295	3
333	0	17	-66	31	1425049326	1
333	0	17	-64	31	1425049326	2
333	0	17	-64	31	1425049326	3
333	0	17	-64	31	1425049326	4
368	0	17	-74	31	1425049326	0
368	0	17	-74	31	1425049326	1
368	0	17	-73	31	1425049326	2
368	0	17	-73	31	1425049326	3
368	0	17	-73	31	1425049326	4
369	0	17	-58	31	1425049326	0
369	0	17	-58	31	1425049326	1
369	0	17	-58	31	1425049326	2
369	0	17	-58	31	1425049326	3
369	0	17	-58	31	1425049326	4
367	0	17	-60	31	1425049326	0
367	0	17	-60	31	1425049326	1
367	0	17	-60	31	1425049326	2
367	0	17	-60	31	1425049326	3
357	0	17	-70	31	1425049326	0
357	0	17	-70	31	1425049326	1
357	0	17	-70	31	1425049326	2
357	0	17	-70	31	1425049326	3
357	0	17	-70	31	1425049326	4
334	0	17	-74	31	1425049326	0
334	0	17	-74	31	1425049326	1
334	0	17	-74	31	1425049326	2
334	0	17	-74	31	1425049326	3
334	0	17	-74	31	1425049326	4
0	333	17	-68	31	1425049330	0
0	333	17	-68	31	1425049330	1
0	333	17	-69	31	1425049330	2
0	333	17	-69	31	1425049330	3
0	333	17	-68	31	1425049330	4
368	333	17	-56	31	1425049330	0
368	333	17	-57	31	1425049330	1
368	333	17	-57	31	1425049330	2
368	333	17	-57	31	1425049330	3
368	333	17	-57	31	1425049330	4
369	333	17	-64	31	1425049330	0
369	333	17	-64	31	1425049330	1
369	333	17	-64	31	1425049330	2
369	333	17	-64	31	1425049330	2
369	333	17	-65	31	1425049330	3
369	333	17	-64	31	1425049330	4
367	333	17	-60	31	1425049330	0
367	333	17	-60	31	1425049330	1
367	333	17	-61	31	1425049330	2
367	333	17	-61	31	1425049330	2
367	333	17	-60	31	1425049330	3
357	333	17	-64	31	1425049330	0
357	333	17	-62	31	1425049330	1
357	333	17	-62	31	1425049330	2
357	333	17	-62	31	1425049330	3
357	333	17	-62	31	1425049330	4
334	333	17	-68	31	1425049330	0
334	333	17	-68	31	1425049330	1
334	333	17	-68	31	1425049330	1
334	333	17	-68	31	1425049330	2
334	333	17	-68	31	1425049330	3
334	333	17	-68	31	1425049330	4
0	368	17	-79	31	1425049334	0
0	368	17	-78	31	1425049334	1
0	368	17	-78	31	1425049334	2
0	368	17	-78	31	1425049334	3
0	368	17	-78	31	1425049334	4
333	368	17	-58	31	1425049334	1
333	368	17	-57	31	1425049334	2
333	368	17	-58	31	1425049334	3
333	368	17	-58	31	1425049334	4
369	368	17	-60	31	1425049334	0
369	368	17	-60	31	1425049334	1
369	368	17	-60	31	1425049334	2
369	368	17	-60	31	1425049334	3
369	368	17	-60	31	1425049334	4
367	368	17	-58	31	1425049334	0
367	368	17	-56	31	1425049334	1
367	368	17	-58	31	1425049334	2
367	368	17	-58	31	1425049334	2
367	368	17	-58	31	1425049334	2
367	368	17	-56	31	1425049334	3
367	368	17	-60	31	1425049334	4
357	368	17	-64	31	1425049334	0
357	368	17	-64	31	1425049334	1
357	368	17	-64	31	1425049334	2
357	368	17	-64	31	1425049334	3
357	368	17	-64	31	1425049334	4
357	368	17	-64	31	1425049334	4
334	368	17	-68	31	1425049334	0
334	368	17	-68	31	1425049334	1
334	368	17	-68	31	1425049334	2
334	368	17	-68	31	1425049334	3
334	368	17	-68	31	1425049334	3
334	368	17	-68	31	1425049334	4
0	369	17	-60	31	1425049337	0
0	369	17	-60	31	1425049337	1
0	369	17	-60	31	1425049337	2
0	369	17	-60	31	1425049337	3
0	369	17	-60	31	1425049337	4
333	369	17	-63	31	1425049337	1
333	369	17	-63	31	1425049337	2
333	369	17	-62	31	1425049337	3
333	369	17	-62	31	1425049337	4
368	369	17	-59	31	1425049337	0
368	369	17	-59	31	1425049337	1
368	369	17	-59	31	1425049337	2
368	369	17	-59	31	1425049337	2
368	369	17	-59	31	1425049337	3
368	369	17	-59	31	1425049337	4
367	369	17	-54	31	1425049337	0
367	369	17	-54	31	1425049337	1
367	369	17	-54	31	1425049337	2
367	369	17	-54	31	1425049337	3
357	369	17	-68	31	1425049337	0
357	369	17	-67	31	1425049337	1
357	369	17	-67	31	1425049337	2
357	369	17	-66	31	1425049337	3
357	369	17	-66	31	1425049337	4
334	369	17	-61	31	1425049337	0
334	369	17	-58	31	1425049337	1
334	369	17	-60	31	1425049337	2
334	369	17	-58	31	1425049337	3
334	369	17	-58	31	1425049337	3
334	369	17	-61	31	1425049337	4
0	367	17	-64	31	1425049341	0
0	367	17	-64	31	1425049341	1
0	367	17	-64	31	1425049341	2
0	367	17	-64	31	1425049341	3
0	367	17	-64	31	1425049341	4
333	367	17	-60	31	1425049341	1
333	367	17	-60	31	1425049341	1
333	367	17	-60	31	1425049341	2
333	367	17	-60	31	1425049341	3
333	367	17	-60	31	1425049341	4
368	367	17	-55	31	1425049341	0
368	367	17	-55	31	1425049341	1
368	367	17	-55	31	1425049341	2
368	367	17	-55	31	1425049341	3
368	367	17	-55	31	1425049341	4
368	367	17	-55	31	1425049341	4
369	367	17	-60	31	1425049341	0
369	367	17	-60	31	1425049341	1
369	367	17	-60	31	1425049341	2
369	367	17	-60	31	1425049341	3
369	367	17	-60	31	1425049341	4
357	367	17	-69	31	1425049341	0
357	367	17	-69	31	1425049341	0
357	367	17	-69	31	1425049341	1
357	367	17	-69	31	1425049341	2
357	367	17	-69	31	1425049341	3
357	367	17	-69	31	1425049341	4
334	367	17	-65	31	1425049341	0
334	367	17	-65	31	1425049341	1
334	367	17	-65	31	1425049341	2
334	367	17	-65	31	1425049341	3
334	367	17	-65	31	1425049341	4
0	357	17	-74	31	1425049345	0
0	357	17	-74	31	1425049345	1
0	357	17	-74	31	1425049345	2
0	357	17	-74	31	1425049345	3
0	357	17	-74	31	1425049345	4
333	357	17	-60	31	1425049345	1
333	357	17	-60	31	1425049345	2
333	357	17	-60	31	1425049345	3
333	357	17	-61	31	1425049345	4
368	357	17	-64	31	1425049345	0
368	357	17	-62	31	1425049345	1
368	357	17	-62	31	1425049345	2
368	357	17	-62	31	1425049345	3
368	357	17	-62	31	1425049345	4
369	357	17	-69	31	1425049345	0
369	357	17	-68	31	1425049345	1
369	357	17	-69	31	1425049345	2
369	357	17	-69	31	1425049345	3
369	357	17	-69	31	1425049345	4
367	357	17	-68	31	1425049345	0
367	357	17	-68	31	1425049345	1
367	357	17	-68	31	1425049345	2
367	357	17	-68	31	1425049345	3
334	357	17	-55	31	1425049345	0
334	357	17	-55	31	1425049345	1
334	357	17	-55	31	1425049345	2
334	357	17	-55	31	1425049345	3
334	357	17	-55	31	1425049345	4
0	334	17	-78	31	1425049350	0
0	334	17	-79	31	1425049350	1
0	334	17	-79	31	1425049350	2
0	334	17	-78	31	1425049350	3
0	334	17	-78	31	1425049350	4
333	334	17	-67	31	1425049350	1
333	334	17	-67	31	1425049350	2
333	334	17	-67	31	1425049350	3
333	334	17	-67	31	1425049350	4
368	334	17	-66	31	1425049350	0
368	334	17	-66	31	1425049350	1
368	334	17	-66	31	1425049350	2
368	334	17	-66	31	1425049350	3
368	334	17	-66	31	1425049350	4
369	334	17	-62	31	1425049350	0
369	334	17	-62	31	1425049350	1
369	334	17	-62	31	1425049350	1
369	334	17	-62	31	1425049350	1
369	334	17	-62	31	1425049350	2
369	334	17	-62	31	1425049350	3
369	334	17	-62	31	1425049350	4
367	334	17	-64	31	1425049350	0
367	334	17	-64	31	1425049350	1
367	334	17	-64	31	1425049350	2
367	334	17	-64	31	1425049350	3
357	334	17	-57	31	1425049350	0
357	334	17	-55	31	1425049350	1
357	334	17	-55	31	1425049350	2
357	334	17	-57	31	1425049350	3
357	334	17	-55	31	1425049350	4
0	363	16	-89	31	1425049379	0
0	363	16	-89	31	1425049379	1
0	363	16	-89	31	1425049379	2
0	363	16	-89	31	1425049379	3
0	363	16	-89	31	1425049379	4
333	363	16	-62	31	1425049379	0
333	363	16	-63	31	1425049379	1
333	363	16	-62	31	1425049379	2
333	363	16	-62	31	1425049379	3
333	363	16	-62	31	1425049379	4
368	363	16	-68	31	1425049379	0
368	363	16	-68	31	1425049379	1
368	363	16	-68	31	1425049379	2
368	363	16	-68	31	1425049379	3
368	363	16	-68	31	1425049379	4
369	363	16	-66	31	1425049379	0
369	363	16	-66	31	1425049379	1
369	363	16	-66	31	1425049379	2
369	363	16	-66	31	1425049379	3
369	363	16	-66	31	1425049379	4
367	363	16	-74	31	1425049379	0
367	363	16	-74	31	1425049379	1
367	363	16	-74	31	1425049379	2
367	363	16	-74	31	1425049379	4
357	363	16	-65	31	1425049379	0
357	363	16	-66	31	1425049379	2
357	363	16	-65	31	1425049379	4
334	363	16	-58	31	1425049379	1
334	363	16	-58	31	1425049379	3
333	0	18	-64	31	1425049381	0
333	0	18	-64	31	1425049381	1
333	0	18	-64	31	1425049381	2
333	0	18	-64	31	1425049381	3
333	0	18	-64	31	1425049381	4
368	0	18	-66	31	1425049381	0
368	0	18	-66	31	1425049381	1
368	0	18	-66	31	1425049381	2
368	0	18	-66	31	1425049381	3
368	0	18	-66	31	1425049381	4
369	0	18	-54	31	1425049381	0
369	0	18	-54	31	1425049381	1
369	0	18	-54	31	1425049381	2
369	0	18	-54	31	1425049381	3
369	0	18	-54	31	1425049381	4
367	0	18	-58	31	1425049381	0
367	0	18	-59	31	1425049381	1
367	0	18	-59	31	1425049381	2
367	0	18	-54	31	1425049381	3
367	0	18	-59	31	1425049381	4
357	0	18	-72	31	1425049381	0
357	0	18	-70	31	1425049381	1
357	0	18	-70	31	1425049381	2
357	0	18	-72	31	1425049381	4
334	0	18	-75	31	1425049381	0
334	0	18	-75	31	1425049381	1
334	0	18	-74	31	1425049381	2
334	0	18	-74	31	1425049381	3
334	0	18	-74	31	1425049381	4
363	0	18	-76	31	1425049381	0
363	0	18	-76	31	1425049381	1
363	0	18	-76	31	1425049381	2
363	0	18	-76	31	1425049381	3
363	0	18	-77	31	1425049381	4
0	333	18	-67	31	1425049382	0
0	333	18	-67	31	1425049382	1
0	333	18	-67	31	1425049382	1
0	333	18	-67	31	1425049382	2
0	333	18	-68	31	1425049382	3
0	333	18	-67	31	1425049382	4
368	333	18	-57	31	1425049382	0
368	333	18	-57	31	1425049382	1
368	333	18	-57	31	1425049382	2
368	333	18	-57	31	1425049382	3
368	333	18	-57	31	1425049382	4
369	333	18	-69	31	1425049382	0
369	333	18	-68	31	1425049382	1
369	333	18	-69	31	1425049382	2
369	333	18	-68	31	1425049382	3
369	333	18	-68	31	1425049382	4
367	333	18	-67	31	1425049382	0
367	333	18	-67	31	1425049382	1
367	333	18	-68	31	1425049382	2
367	333	18	-68	31	1425049382	3
367	333	18	-67	31	1425049382	4
357	333	18	-64	31	1425049382	0
357	333	18	-64	31	1425049382	1
357	333	18	-64	31	1425049382	2
357	333	18	-64	31	1425049382	4
334	333	18	-69	31	1425049382	0
334	333	18	-69	31	1425049382	1
334	333	18	-68	31	1425049382	2
334	333	18	-68	31	1425049382	2
334	333	18	-68	31	1425049382	2
334	333	18	-68	31	1425049382	3
334	333	18	-68	31	1425049382	3
334	333	18	-68	31	1425049382	4
363	333	18	-62	31	1425049382	0
363	333	18	-62	31	1425049382	1
363	333	18	-63	31	1425049382	2
363	333	18	-62	31	1425049382	3
363	333	18	-63	31	1425049382	4
0	369	18	-55	31	1425049384	0
0	369	18	-55	31	1425049384	1
0	369	18	-55	31	1425049384	2
0	369	18	-55	31	1425049384	3
0	369	18	-55	31	1425049384	4
333	369	18	-66	31	1425049384	0
333	369	18	-66	31	1425049384	1
333	369	18	-66	31	1425049384	1
333	369	18	-66	31	1425049384	2
333	369	18	-67	31	1425049384	3
333	369	18	-67	31	1425049384	4
368	369	18	-54	31	1425049384	0
368	369	18	-54	31	1425049384	1
368	369	18	-54	31	1425049384	2
368	369	18	-54	31	1425049384	3
368	369	18	-54	31	1425049384	4
368	369	18	-54	31	1425049384	4
367	369	18	-55	31	1425049384	0
367	369	18	-54	31	1425049384	1
367	369	18	-64	31	1425049384	2
367	369	18	-64	31	1425049384	2
367	369	18	-60	31	1425049384	3
367	369	18	-55	31	1425049384	4
357	369	18	-62	31	1425049384	0
357	369	18	-62	31	1425049384	1
357	369	18	-62	31	1425049384	2
357	369	18	-62	31	1425049384	2
357	369	18	-61	31	1425049384	4
334	369	18	-60	31	1425049384	0
334	369	18	-60	31	1425049384	1
334	369	18	-60	31	1425049384	2
334	369	18	-57	31	1425049384	3
334	369	18	-57	31	1425049384	3
334	369	18	-60	31	1425049384	4
363	369	18	-70	31	1425049384	0
363	369	18	-70	31	1425049384	1
363	369	18	-70	31	1425049384	2
363	369	18	-71	31	1425049384	3
363	369	18	-71	31	1425049384	4
0	367	18	-58	31	1425049385	0
0	367	18	-56	31	1425049385	1
0	367	18	-58	31	1425049385	2
0	367	18	-58	31	1425049385	3
0	367	18	-58	31	1425049385	4
333	367	18	-64	31	1425049385	0
333	367	18	-64	31	1425049385	1
333	367	18	-64	31	1425049385	2
333	367	18	-64	31	1425049385	3
333	367	18	-64	31	1425049385	4
368	367	18	-60	31	1425049385	0
368	367	18	-60	31	1425049385	1
368	367	18	-60	31	1425049385	2
368	367	18	-60	31	1425049385	3
368	367	18	-60	31	1425049385	4
369	367	18	-60	31	1425049385	0
369	367	18	-60	31	1425049385	1
369	367	18	-60	31	1425049385	2
369	367	18	-60	31	1425049385	3
369	367	18	-60	31	1425049385	4
357	367	18	-74	31	1425049385	0
357	367	18	-75	31	1425049385	1
357	367	18	-75	31	1425049385	1
357	367	18	-74	31	1425049385	2
357	367	18	-74	31	1425049385	4
334	367	18	-64	31	1425049385	0
334	367	18	-64	31	1425049385	1
334	367	18	-64	31	1425049385	1
334	367	18	-64	31	1425049385	2
334	367	18	-64	31	1425049385	3
334	367	18	-64	31	1425049385	4
363	367	18	-68	31	1425049385	0
363	367	18	-68	31	1425049385	1
363	367	18	-68	31	1425049385	1
363	367	18	-68	31	1425049385	2
363	367	18	-68	31	1425049385	3
363	367	18	-68	31	1425049385	4
0	357	18	-74	31	1425049385	0
0	357	18	-74	31	1425049385	1
0	357	18	-76	31	1425049385	2
0	357	18	-74	31	1425049385	3
0	357	18	-74	31	1425049385	4
333	357	18	-64	31	1425049385	0
333	357	18	-64	31	1425049385	1
333	357	18	-64	31	1425049385	2
333	357	18	-64	31	1425049385	3
333	357	18	-64	31	1425049385	4
368	357	18	-64	31	1425049385	0
368	357	18	-64	31	1425049385	1
368	357	18	-64	31	1425049385	2
368	357	18	-64	31	1425049385	3
368	357	18	-64	31	1425049385	4
369	357	18	-62	31	1425049385	0
369	357	18	-62	31	1425049385	1
369	357	18	-62	31	1425049385	1
369	357	18	-62	31	1425049385	2
369	357	18	-63	31	1425049385	3
369	357	18	-62	31	1425049385	4
367	357	18	-74	31	1425049385	0
367	357	18	-74	31	1425049385	1
367	357	18	-74	31	1425049385	2
367	357	18	-74	31	1425049385	3
367	357	18	-74	31	1425049385	4
334	357	18	-58	31	1425049385	0
334	357	18	-56	31	1425049385	1
334	357	18	-56	31	1425049385	2
334	357	18	-56	31	1425049385	3
334	357	18	-58	31	1425049385	4
363	357	18	-67	31	1425049385	0
363	357	18	-68	31	1425049385	1
363	357	18	-67	31	1425049385	2
0	334	18	-76	31	1425049385	0
363	357	18	-67	31	1425049385	3
0	334	18	-76	31	1425049385	1
363	357	18	-67	31	1425049385	4
0	334	18	-76	31	1425049385	2
0	334	18	-76	31	1425049385	3
0	334	18	-76	31	1425049386	4
333	334	18	-66	31	1425049386	0
333	334	18	-66	31	1425049386	1
333	334	18	-66	31	1425049386	2
333	334	18	-67	31	1425049386	3
333	334	18	-67	31	1425049386	3
333	334	18	-66	31	1425049386	4
368	334	18	-69	31	1425049386	0
368	334	18	-68	31	1425049386	1
368	334	18	-68	31	1425049386	2
368	334	18	-68	31	1425049386	3
368	334	18	-68	31	1425049386	4
369	334	18	-62	31	1425049386	0
369	334	18	-62	31	1425049386	1
369	334	18	-62	31	1425049386	2
369	334	18	-62	31	1425049386	3
369	334	18	-62	31	1425049386	4
369	334	18	-62	31	1425049386	4
367	334	18	-64	31	1425049386	0
367	334	18	-64	31	1425049386	0
367	334	18	-64	31	1425049386	1
0	363	18	-80	31	1425049386	0
367	334	18	-64	31	1425049386	2
367	334	18	-64	31	1425049386	3
0	363	18	-80	31	1425049386	1
367	334	18	-64	31	1425049386	4
357	334	18	-58	31	1425049386	0
357	334	18	-58	31	1425049386	1
357	334	18	-58	31	1425049386	2
357	334	18	-58	31	1425049386	3
0	363	18	-80	31	1425049386	2
357	334	18	-58	31	1425049386	4
0	363	18	-80	31	1425049386	3
363	334	18	-54	31	1425049386	0
0	363	18	-80	31	1425049386	4
363	334	18	-54	31	1425049386	1
333	363	18	-62	31	1425049386	0
363	334	18	-54	31	1425049386	2
363	334	18	-54	31	1425049386	3
363	334	18	-54	31	1425049386	4
333	363	18	-62	31	1425049386	1
333	363	18	-62	31	1425049386	2
333	363	18	-63	31	1425049386	3
333	363	18	-63	31	1425049386	4
368	363	18	-64	31	1425049386	0
