SocketIO: Connecting socket to localhost:9148
11	148	11	-60	31	1422840702	0
154	148	11	-64	31	1422840702	0
15	148	11	-64	31	1422840702	0
146	148	11	-73	31	1422840702	0
148	11	11	-58	31	1422840702	0
154	11	11	-79	31	1422840702	0
15	11	11	-68	31	1422840702	0
146	11	11	-70	31	1422840702	0
148	154	11	-66	31	1422840702	0
11	154	11	-84	31	1422840702	0
15	154	11	-85	31	1422840702	0
146	154	11	-91	31	1422840702	0
148	15	11	-60	31	1422840702	0
11	15	11	-66	31	1422840702	0
154	15	11	-79	31	1422840702	0
146	15	11	-59	31	1422840702	0
148	146	11	-74	31	1422840702	0
11	146	11	-74	31	1422840702	0
154	146	11	-89	31	1422840702	0
15	146	11	-60	31	1422840702	0
11	148	12	-60	31	1422840703	0
154	148	12	-64	31	1422840703	0
15	148	12	-64	31	1422840703	0
146	148	12	-74	31	1422840703	0
148	11	12	-56	31	1422840703	0
154	11	12	-83	31	1422840703	0
15	11	12	-67	31	1422840703	0
146	11	12	-73	31	1422840703	0
148	154	12	-66	31	1422840703	0
11	154	12	-89	31	1422840703	0
15	154	12	-80	31	1422840703	0
146	154	12	-86	31	1422840703	0
148	15	12	-60	31	1422840703	0
11	15	12	-66	31	1422840703	0
154	15	12	-74	31	1422840703	0
146	15	12	-55	31	1422840703	0
148	146	12	-74	31	1422840703	0
11	146	12	-76	31	1422840703	0
154	146	12	-83	31	1422840703	0
15	146	12	-55	31	1422840703	0
11	148	13	-60	31	1422840705	0
154	148	13	-62	31	1422840705	0
15	148	13	-64	31	1422840705	0
146	148	13	-71	31	1422840705	0
148	11	13	-56	31	1422840705	0
154	11	13	-71	31	1422840705	0
15	11	13	-67	31	1422840705	0
146	11	13	-80	31	1422840705	0
148	154	13	-64	31	1422840705	0
11	154	13	-76	31	1422840705	0
15	154	13	-80	31	1422840705	0
146	154	13	-78	31	1422840705	0
148	15	13	-60	31	1422840705	0
11	15	13	-65	31	1422840705	0
154	15	13	-74	31	1422840705	0
146	15	13	-56	31	1422840705	0
148	146	13	-72	31	1422840705	0
11	146	13	-83	31	1422840705	0
154	146	13	-77	31	1422840705	0
15	146	13	-58	31	1422840705	0
11	148	14	-64	31	1422840706	0
154	148	14	-62	31	1422840706	0
15	148	14	-66	31	1422840706	0
146	148	14	-75	31	1422840706	0
148	11	14	-62	31	1422840706	0
154	11	14	-70	31	1422840706	0
15	11	14	-70	31	1422840706	0
146	11	14	-70	31	1422840706	0
148	154	14	-64	31	1422840706	0
11	154	14	-75	31	1422840706	0
15	154	14	-78	31	1422840706	0
146	154	14	-78	31	1422840706	0
148	15	14	-62	31	1422840706	0
11	15	14	-69	31	1422840706	0
154	15	14	-73	31	1422840706	0
146	15	14	-56	31	1422840706	0
148	146	14	-75	31	1422840706	0
11	146	14	-74	31	1422840706	0
154	146	14	-76	31	1422840706	0
15	146	14	-55	31	1422840706	0
11	148	15	-62	31	1422840708	0
154	148	15	-64	31	1422840708	0
15	148	15	-70	31	1422840708	0
146	148	15	-70	31	1422840708	0
148	11	15	-60	31	1422840708	0
154	11	15	-74	31	1422840708	0
15	11	15	-68	31	1422840708	0
146	11	15	-67	31	1422840708	0
148	154	15	-66	31	1422840708	0
11	154	15	-78	31	1422840708	0
15	154	15	-89	31	1422840708	0
146	154	15	-79	31	1422840708	0
148	15	15	-66	31	1422840708	0
11	15	15	-66	31	1422840708	0
154	15	15	-82	31	1422840708	0
146	15	15	-56	31	1422840708	0
148	146	15	-69	31	1422840708	0
11	146	15	-70	31	1422840708	0
154	146	15	-77	31	1422840708	0
15	146	15	-54	31	1422840708	0
11	148	16	-62	31	1422840709	0
154	148	16	-67	31	1422840709	0
15	148	16	-71	31	1422840709	0
146	148	16	-65	31	1422840709	0
148	11	16	-59	31	1422840709	0
154	11	16	-65	31	1422840709	0
15	11	16	-64	31	1422840709	0
146	11	16	-70	31	1422840709	0
148	154	16	-69	31	1422840710	0
11	154	16	-69	31	1422840710	0
15	154	16	-90	31	1422840710	0
146	154	16	-79	31	1422840710	0
148	15	16	-68	31	1422840710	0
11	15	16	-62	31	1422840710	0
154	15	16	-83	31	1422840710	0
146	15	16	-55	31	1422840710	0
148	146	16	-65	31	1422840710	0
11	146	16	-73	31	1422840710	0
154	146	16	-77	31	1422840710	0
15	146	16	-54	31	1422840710	0
11	148	17	-60	31	1422840711	0
154	148	17	-66	31	1422840711	0
15	148	17	-62	31	1422840711	0
146	148	17	-63	31	1422840711	0
148	11	17	-55	31	1422840711	0
154	11	17	-54	31	1422840711	0
15	11	17	-60	31	1422840711	0
146	11	17	-71	31	1422840711	0
148	154	17	-68	31	1422840714	0
11	154	17	-61	31	1422840714	0
146	154	17	-76	31	1422840714	0
148	15	17	-59	31	1422840714	0
11	15	17	-60	31	1422840714	0
154	15	17	-86	31	1422840714	0
146	15	17	-58	31	1422840714	0
148	146	17	-64	31	1422840714	0
11	146	17	-75	31	1422840714	0
154	146	17	-74	31	1422840714	0
15	146	17	-59	31	1422840714	0
11	148	18	-54	31	1422840715	0
154	148	18	-64	31	1422840715	0
15	148	18	-60	31	1422840715	0
146	148	18	-63	31	1422840715	0
148	11	18	-57	31	1422840716	0
154	11	18	-54	31	1422840716	0
15	11	18	-60	31	1422840716	0
146	11	18	-70	31	1422840716	0
148	154	18	-66	31	1422840716	0
11	154	18	-60	31	1422840716	0
15	154	18	-84	31	1422840716	0
146	154	18	-74	31	1422840716	0
148	15	18	-54	31	1422840716	0
11	15	18	-58	31	1422840716	0
154	15	18	-78	31	1422840716	0
146	15	18	-66	31	1422840716	0
148	146	18	-62	31	1422840716	0
11	146	18	-72	31	1422840716	0
154	146	18	-72	31	1422840716	0
15	146	18	-70	31	1422840716	0
11	148	19	-56	31	1422840717	0
154	148	19	-64	31	1422840717	0
15	148	19	-60	31	1422840717	0
146	148	19	-62	31	1422840717	0
148	11	19	-59	31	1422840717	0
154	11	19	-64	31	1422840717	0
15	11	19	-61	31	1422840717	0
146	11	19	-66	31	1422840717	0
148	154	19	-66	31	1422840717	0
11	154	19	-69	31	1422840717	0
15	154	19	-82	31	1422840717	0
146	154	19	-74	31	1422840717	0
148	15	19	-54	31	1422840717	0
11	15	19	-61	31	1422840717	0
154	15	19	-76	31	1422840717	0
146	15	19	-70	31	1422840717	0
148	146	19	-62	31	1422840717	0
11	146	19	-69	31	1422840717	0
154	146	19	-72	31	1422840717	0
15	146	19	-74	31	1422840717	0
11	148	20	-54	31	1422840718	0
154	148	20	-68	31	1422840719	0
15	148	20	-62	31	1422840719	0
146	148	20	-64	31	1422840719	0
148	11	20	-57	31	1422840719	0
154	11	20	-56	31	1422840719	0
15	11	20	-62	31	1422840719	0
146	11	20	-64	31	1422840719	0
148	154	20	-69	31	1422840719	0
11	154	20	-62	31	1422840719	0
15	154	20	-78	31	1422840719	0
146	154	20	-76	31	1422840719	0
148	15	20	-58	31	1422840719	0
11	15	20	-61	31	1422840719	0
154	15	20	-72	31	1422840719	0
146	15	20	-60	31	1422840719	0
148	146	20	-64	31	1422840719	0
11	146	20	-66	31	1422840719	0
154	146	20	-74	31	1422840719	0
15	146	20	-62	31	1422840719	0
11	148	21	-54	31	1422840720	0
154	148	21	-76	31	1422840720	0
15	148	21	-63	31	1422840720	0
146	148	21	-70	31	1422840720	0
148	11	21	-55	31	1422840720	0
154	11	21	-58	31	1422840720	0
15	11	21	-56	31	1422840720	0
146	11	21	-62	31	1422840720	0
148	154	21	-76	31	1422840720	0
11	154	21	-56	31	1422840720	0
15	154	21	-71	31	1422840720	0
146	154	21	-80	31	1422840720	0
148	15	21	-60	31	1422840720	0
11	15	21	-55	31	1422840720	0
154	15	21	-66	31	1422840720	0
146	15	21	-54	31	1422840720	0
148	146	21	-69	31	1422840720	0
11	146	21	-65	31	1422840720	0
154	146	21	-78	31	1422840720	0
15	146	21	-60	31	1422840720	0
11	148	22	-56	31	1422840722	0
154	148	22	-63	31	1422840722	0
15	148	22	-65	31	1422840722	0
146	148	22	-86	31	1422840722	0
148	11	22	-53	31	1422840722	0
154	11	22	-58	31	1422840722	0
15	11	22	-59	31	1422840722	0
146	11	22	-62	31	1422840722	0
148	154	22	-64	31	1422840722	0
11	154	22	-60	31	1422840722	0
15	154	22	-66	31	1422840722	0
146	154	22	-83	31	1422840722	0
148	15	22	-61	31	1422840722	0
11	15	22	-56	31	1422840722	0
154	15	22	-60	31	1422840722	0
146	15	22	-55	31	1422840722	0
11	146	22	-64	31	1422840726	0
154	146	22	-81	31	1422840726	0
15	146	22	-60	31	1422840726	0
11	148	23	-53	31	1422840733	0
154	148	23	-61	31	1422840733	0
146	148	11	-73	31	1422840733	0
148	11	23	-49	31	1422840736	0
154	11	23	-56	31	1422840736	0
146	11	11	-70	31	1422840736	0
148	154	23	-62	31	1422840739	0
11	154	23	-62	31	1422840739	0
146	154	11	-91	31	1422840739	0
148	15	23	-73	31	1422840739	0
11	15	23	-60	31	1422840739	0
154	15	23	-58	31	1422840739	0
146	15	11	-59	31	1422840739	0
11	146	22	-64	31	1422840742	0
154	146	22	-81	31	1422840742	0
15	146	22	-60	31	1422840742	0
11	148	24	-52	31	1422840749	0
154	148	24	-62	31	1422840749	0
146	148	11	-72	31	1422840749	0
148	11	24	-46	31	1422840752	0
154	11	24	-73	31	1422840752	0
146	11	11	-70	31	1422840752	0
148	154	24	-63	31	1422840755	0
11	154	24	-78	31	1422840755	0
146	154	11	-91	31	1422840755	0
148	15	24	-65	31	1422840755	0
11	15	24	-71	31	1422840755	0
154	15	24	-58	31	1422840755	0
146	15	11	-59	31	1422840755	0
148	146	24	-66	31	1422840758	0
11	146	24	-70	31	1422840758	0
154	146	24	-78	31	1422840758	0
11	148	25	-52	31	1422840765	0
154	148	25	-61	31	1422840765	0
146	148	11	-72	31	1422840765	0
148	11	25	-47	31	1422840768	0
154	11	25	-75	31	1422840768	0
146	11	11	-70	31	1422840768	0
148	154	25	-62	31	1422840771	0
11	154	25	-80	31	1422840771	0
146	154	11	-92	31	1422840771	0
148	15	25	-61	31	1422840771	0
11	15	25	-67	31	1422840771	0
154	15	25	-60	31	1422840771	0
146	15	11	-58	31	1422840771	0
148	146	25	-65	31	1422840774	0
11	146	25	-75	31	1422840774	0
154	146	25	-85	31	1422840774	0
11	148	26	-53	31	1422840780	0
154	148	26	-60	31	1422840781	0
146	148	11	-74	31	1422840781	0
148	11	26	-50	31	1422840783	0
154	11	26	-60	31	1422840784	0
146	11	11	-71	31	1422840784	0
148	154	26	-60	31	1422840786	0
11	154	26	-64	31	1422840787	0
146	154	11	-90	31	1422840787	0
148	15	26	-58	31	1422840787	0
11	15	26	-64	31	1422840787	0
154	15	26	-62	31	1422840787	0
146	15	11	-59	31	1422840787	0
148	146	26	-68	31	1422840790	0
11	146	26	-82	31	1422840790	0
154	146	26	-78	31	1422840790	0
