SocketIO: Connecting socket to localhost:9148
15	148	11	-64	31	1422841333	0
11	148	11	-58	31	1422841334	0
154	148	11	-64	31	1422841334	0
146	148	11	-73	31	1422841334	0
148	15	11	-60	31	1422841334	0
11	15	11	-66	31	1422841334	0
154	15	11	-78	31	1422841334	0
146	15	11	-59	31	1422841334	0
148	11	11	-58	31	1422841334	0
15	11	11	-68	31	1422841334	0
154	11	11	-79	31	1422841334	0
146	11	11	-70	31	1422841334	0
148	154	11	-66	31	1422841334	0
15	154	11	-86	31	1422841334	0
11	154	11	-84	31	1422841334	0
146	154	11	-91	31	1422841334	0
148	146	11	-73	31	1422841334	0
15	146	11	-60	31	1422841334	0
11	146	11	-74	31	1422841334	0
154	146	11	-89	31	1422841334	0
15	148	12	-64	31	1422841335	0
11	148	12	-60	31	1422841335	0
154	148	12	-64	31	1422841335	0
146	148	12	-74	31	1422841335	0
148	15	12	-60	31	1422841335	0
11	15	12	-66	31	1422841335	0
154	15	12	-74	31	1422841335	0
146	15	12	-55	31	1422841335	0
148	11	12	-58	31	1422841335	0
15	11	12	-67	31	1422841335	0
154	11	12	-83	31	1422841335	0
146	11	12	-73	31	1422841335	0
148	154	12	-66	31	1422841335	0
15	154	12	-80	31	1422841335	0
11	154	12	-89	31	1422841335	0
146	154	12	-85	31	1422841335	0
148	146	12	-74	31	1422841335	0
15	146	12	-55	31	1422841335	0
11	146	12	-76	31	1422841335	0
154	146	12	-83	31	1422841335	0
15	148	13	-64	31	1422841337	0
11	148	13	-60	31	1422841337	0
154	148	13	-62	31	1422841337	0
146	148	13	-71	31	1422841337	0
148	15	13	-60	31	1422841337	0
11	15	13	-66	31	1422841337	0
154	15	13	-74	31	1422841337	0
146	15	13	-56	31	1422841337	0
148	11	13	-58	31	1422841337	0
15	11	13	-67	31	1422841337	0
154	11	13	-71	31	1422841337	0
146	11	13	-80	31	1422841337	0
148	154	13	-64	31	1422841337	0
15	154	13	-80	31	1422841337	0
11	154	13	-76	31	1422841337	0
146	154	13	-78	31	1422841337	0
148	146	13	-72	31	1422841337	0
15	146	13	-58	31	1422841337	0
11	146	13	-82	31	1422841337	0
154	146	13	-77	31	1422841337	0
15	148	14	-66	31	1422841338	0
11	148	14	-64	31	1422841338	0
154	148	14	-62	31	1422841338	0
146	148	14	-75	31	1422841338	0
148	15	14	-62	31	1422841339	0
11	15	14	-69	31	1422841339	0
154	15	14	-73	31	1422841339	0
146	15	14	-56	31	1422841339	0
148	11	14	-62	31	1422841339	0
15	11	14	-71	31	1422841339	0
154	11	14	-70	31	1422841339	0
146	11	14	-71	31	1422841339	0
148	154	14	-64	31	1422841339	0
15	154	14	-79	31	1422841339	0
11	154	14	-75	31	1422841339	0
146	154	14	-78	31	1422841339	0
148	146	14	-76	31	1422841339	0
15	146	14	-55	31	1422841339	0
11	146	14	-74	31	1422841339	0
154	146	14	-76	31	1422841339	0
15	148	15	-71	31	1422841340	0
11	148	15	-62	31	1422841340	0
154	148	15	-64	31	1422841340	0
146	148	15	-69	31	1422841340	0
148	15	15	-66	31	1422841340	0
11	15	15	-66	31	1422841340	0
154	15	15	-82	31	1422841340	0
146	15	15	-55	31	1422841340	0
148	11	15	-61	31	1422841340	0
15	11	15	-68	31	1422841340	0
154	11	15	-74	31	1422841340	0
146	11	15	-66	31	1422841340	0
148	154	15	-66	31	1422841340	0
15	154	15	-90	31	1422841340	0
11	154	15	-78	31	1422841340	0
146	154	15	-79	31	1422841340	0
148	146	15	-69	31	1422841340	0
15	146	15	-54	31	1422841340	0
11	146	15	-70	31	1422841340	0
154	146	15	-77	31	1422841340	0
15	148	16	-72	31	1422841341	0
11	148	16	-62	31	1422841341	0
154	148	16	-67	31	1422841341	0
146	148	16	-65	31	1422841341	0
148	15	16	-68	31	1422841342	0
11	15	16	-62	31	1422841342	0
154	15	16	-83	31	1422841342	0
146	15	16	-55	31	1422841342	0
148	11	16	-59	31	1422841342	0
15	11	16	-64	31	1422841342	0
154	11	16	-65	31	1422841342	0
146	11	16	-70	31	1422841342	0
148	154	16	-69	31	1422841342	0
15	154	16	-90	31	1422841342	0
11	154	16	-69	31	1422841342	0
146	154	16	-78	31	1422841342	0
148	146	16	-65	31	1422841342	0
15	146	16	-54	31	1422841342	0
11	146	16	-73	31	1422841342	0
154	146	16	-77	31	1422841342	0
15	148	17	-63	31	1422841343	0
11	148	17	-60	31	1422841343	0
154	148	17	-66	31	1422841343	0
146	148	17	-64	31	1422841343	0
148	15	17	-60	31	1422841343	0
11	15	17	-60	31	1422841343	0
154	15	17	-87	31	1422841343	0
146	15	17	-58	31	1422841343	0
148	11	17	-55	31	1422841343	0
15	11	17	-60	31	1422841343	0
154	11	17	-54	31	1422841343	0
146	11	17	-71	31	1422841343	0
148	154	17	-68	31	1422841343	0
15	154	17	-92	31	1422841343	0
11	154	17	-61	31	1422841343	0
146	154	17	-76	31	1422841343	0
148	146	17	-64	31	1422841343	0
15	146	17	-59	31	1422841343	0
11	146	17	-74	31	1422841343	0
154	146	17	-74	31	1422841343	0
11	148	18	-54	31	1422841345	0
154	148	18	-64	31	1422841345	0
146	148	18	-63	31	1422841345	0
148	15	18	-54	31	1422841345	0
11	15	18	-58	31	1422841345	0
154	15	18	-78	31	1422841345	0
146	15	18	-65	31	1422841345	0
148	11	18	-57	31	1422841348	0
154	11	18	-54	31	1422841348	0
146	11	18	-69	31	1422841348	0
148	154	18	-66	31	1422841351	0
11	154	18	-60	31	1422841351	0
146	154	18	-74	31	1422841351	0
148	146	18	-63	31	1422841351	0
15	146	18	-68	31	1422841351	0
11	146	18	-72	31	1422841351	0
154	146	18	-72	31	1422841351	0
15	148	19	-60	31	1422841352	0
11	148	19	-56	31	1422841352	0
154	148	19	-64	31	1422841352	0
146	148	19	-62	31	1422841352	0
148	15	19	-54	31	1422841352	0
11	15	19	-60	31	1422841352	0
154	15	19	-76	31	1422841352	0
146	15	19	-72	31	1422841352	0
148	11	19	-59	31	1422841352	0
15	11	19	-61	31	1422841352	0
154	11	19	-64	31	1422841352	0
146	11	19	-66	31	1422841352	0
148	154	19	-66	31	1422841352	0
15	154	19	-82	31	1422841352	0
11	154	19	-68	31	1422841352	0
146	154	19	-74	31	1422841352	0
148	146	19	-62	31	1422841352	0
15	146	19	-76	31	1422841352	0
11	146	19	-69	31	1422841352	0
154	146	19	-72	31	1422841352	0
15	148	20	-62	31	1422841353	0
11	148	20	-54	31	1422841353	0
154	148	20	-68	31	1422841353	0
146	148	20	-64	31	1422841353	0
148	15	20	-58	31	1422841353	0
11	15	20	-60	31	1422841353	0
154	15	20	-71	31	1422841353	0
146	15	20	-60	31	1422841353	0
148	11	20	-57	31	1422841354	0
15	11	20	-62	31	1422841354	0
154	11	20	-56	31	1422841354	0
146	11	20	-64	31	1422841354	0
148	154	20	-69	31	1422841354	0
15	154	20	-78	31	1422841354	0
11	154	20	-62	31	1422841354	0
146	154	20	-76	31	1422841354	0
148	146	20	-64	31	1422841354	0
15	146	20	-62	31	1422841354	0
11	146	20	-66	31	1422841354	0
154	146	20	-74	31	1422841354	0
15	148	21	-63	31	1422841355	0
11	148	21	-59	31	1422841355	0
154	148	21	-75	31	1422841355	0
146	148	21	-70	31	1422841355	0
148	15	21	-60	31	1422841355	0
11	15	21	-55	31	1422841355	0
154	15	21	-66	31	1422841355	0
146	15	21	-54	31	1422841355	0
148	11	21	-55	31	1422841355	0
15	11	21	-58	31	1422841355	0
154	11	21	-57	31	1422841355	0
146	11	21	-62	31	1422841355	0
148	154	21	-77	31	1422841355	0
15	154	21	-72	31	1422841355	0
11	154	21	-59	31	1422841355	0
146	154	21	-81	31	1422841355	0
148	146	21	-69	31	1422841355	0
15	146	21	-60	31	1422841355	0
11	146	21	-65	31	1422841355	0
154	146	21	-78	31	1422841355	0
15	148	22	-65	31	1422841357	0
11	148	22	-55	31	1422841357	0
154	148	22	-63	31	1422841357	0
146	148	22	-86	31	1422841357	0
148	15	22	-61	31	1422841357	0
11	15	22	-58	31	1422841357	0
154	15	22	-60	31	1422841357	0
146	15	22	-55	31	1422841357	0
148	11	22	-51	31	1422841357	0
15	11	22	-58	31	1422841357	0
154	11	22	-58	31	1422841357	0
146	11	22	-62	31	1422841357	0
148	154	22	-64	31	1422841357	0
15	154	22	-65	31	1422841357	0
11	154	22	-60	31	1422841357	0
146	154	22	-83	31	1422841357	0
15	146	22	-60	31	1422841361	0
11	146	22	-64	31	1422841361	0
154	146	22	-81	31	1422841361	0
11	148	11	-60	31	1422841368	0
154	148	11	-64	31	1422841368	0
146	148	11	-73	31	1422841368	0
148	15	23	-73	31	1422841368	0
11	15	11	-66	31	1422841368	0
154	15	11	-78	31	1422841368	0
146	15	11	-59	31	1422841368	0
148	11	23	-48	31	1422841371	0
154	11	11	-79	31	1422841371	0
146	11	11	-70	31	1422841371	0
148	154	23	-62	31	1422841374	0
11	154	11	-84	31	1422841374	0
146	154	11	-91	31	1422841374	0
15	146	22	-60	31	1422841374	0
11	146	22	-64	31	1422841374	0
154	146	22	-81	31	1422841374	0
11	146	11	-74	31	1422841374	0
11	148	24	-52	31	1422841377	0
154	148	24	-62	31	1422841377	0
146	148	24	-67	31	1422841377	0
KeyBoardInterrupt
